36.742625 139.82085
36.742625 139.82085
36.742625 139.82085
36.742623333 139.820853333
36.742623333 139.820853333
36.742623333 139.820853333
36.74262 139.820855
36.74262 139.820855
36.74262 139.820855
36.742616667 139.820858333
36.742616667 139.820858333
36.742616667 139.820858333
36.742613333 139.82086
36.742613333 139.82086
36.742613333 139.82086
36.74261 139.820861667
36.74261 139.820861667
36.74261 139.820861667
36.742608333 139.820863333
36.742608333 139.820863333
36.742608333 139.820863333
36.742605 139.820865
36.742605 139.820865
36.742605 139.820865
36.742603333 139.820866667
36.742603333 139.820866667
36.742603333 139.820866667
36.742558333 139.820908333
36.742558333 139.820908333
36.742558333 139.820908333
36.742545 139.820915
36.742545 139.820915
36.742545 139.820915
36.74253 139.820918333
36.74253 139.820918333
36.74253 139.820918333
36.742516667 139.82092
36.742516667 139.82092
36.742516667 139.82092
36.742515 139.820921667
36.742515 139.820921667
36.742515 139.820921667
36.742511667 139.820923333
36.742511667 139.820923333
36.742511667 139.820923333
36.74251 139.820925
36.74251 139.820925
36.74251 139.820925
36.74251 139.820926667
36.74251 139.820926667
36.74251 139.820926667
36.742508333 139.820928333
36.742508333 139.820928333
36.742508333 139.820928333
36.742506667 139.82093
36.742506667 139.82093
36.742506667 139.82093
36.742506667 139.820931667
36.742506667 139.820931667
36.742506667 139.820931667
36.742506667 139.820933333
36.742506667 139.820933333
36.742506667 139.820933333
36.742506667 139.820935
36.742506667 139.820935
36.742506667 139.820935
36.742506667 139.820936667
36.742506667 139.820936667
36.742506667 139.820936667
36.742506667 139.820936667
36.742506667 139.820936667
36.742506667 139.820936667
36.742506667 139.820938333
36.742506667 139.820938333
36.742506667 139.820938333
36.742505 139.820938333
36.742505 139.820938333
36.742505 139.820938333
36.742505 139.820938333
36.742505 139.820938333
36.742505 139.820938333
36.742503333 139.82094
36.742503333 139.82094
36.742503333 139.82094
36.742501667 139.820938333
36.742501667 139.820938333
36.742501667 139.820938333
36.7425 139.820938333
36.7425 139.820938333
36.7425 139.820938333
36.7425 139.820936667
36.7425 139.820936667
36.7425 139.820936667
36.742498333 139.820936667
36.742498333 139.820936667
36.742498333 139.820936667
36.742495 139.820935
36.742495 139.820935
36.742495 139.820935
36.742493333 139.820935
36.742493333 139.820935
36.742493333 139.820935
36.742491667 139.820935
36.742491667 139.820935
36.742491667 139.820935
36.742491667 139.820935
36.742491667 139.820935
36.742491667 139.820935
36.74249 139.820936667
36.74249 139.820936667
36.74249 139.820936667
36.742488333 139.820936667
36.742488333 139.820936667
36.742488333 139.820936667
36.742486667 139.820935
36.742486667 139.820935
36.742486667 139.820935
36.742483333 139.820935
36.742483333 139.820935
36.742483333 139.820935
36.742481667 139.820935
36.742481667 139.820935
36.742481667 139.820935
36.74248 139.820935
36.74248 139.820935
36.74248 139.820935
36.742478333 139.820935
36.742478333 139.820935
36.742478333 139.820935
36.742478333 139.820935
36.742478333 139.820935
36.742478333 139.820935
36.742478333 139.820936667
36.742478333 139.820936667
36.742478333 139.820936667
36.742478333 139.820936667
36.742478333 139.820936667
36.742478333 139.820936667
36.742476667 139.820938333
36.742476667 139.820938333
36.742476667 139.820938333
36.742476667 139.820938333
36.742476667 139.820938333
36.742476667 139.820938333
36.742475 139.820938333
36.742475 139.820938333
36.742475 139.820938333
36.742475 139.820938333
36.742475 139.820938333
36.742475 139.820938333
36.742475 139.820938333
36.742475 139.820938333
36.742475 139.820938333
36.742473333 139.82094
36.742473333 139.82094
36.742473333 139.82094
36.742473333 139.82094
36.742473333 139.82094
36.742473333 139.82094
36.742471667 139.82094
36.742471667 139.82094
36.742471667 139.82094
36.74247 139.820938333
36.74247 139.820938333
36.74247 139.820938333
36.742468333 139.820936667
36.742468333 139.820936667
36.742468333 139.820936667
36.742468333 139.820936667
36.742468333 139.820936667
36.742468333 139.820936667
36.742466667 139.820936667
36.742466667 139.820936667
36.742466667 139.820936667
36.742466667 139.820936667
36.742466667 139.820936667
36.742466667 139.820936667
36.742465 139.820936667
36.742465 139.820936667
36.742465 139.820936667
36.742465 139.820936667
36.742465 139.820936667
36.742465 139.820936667
36.742465 139.820936667
36.742465 139.820936667
36.742465 139.820936667
36.742463333 139.820936667
36.742463333 139.820936667
36.742463333 139.820936667
36.742463333 139.820936667
36.742463333 139.820936667
36.742463333 139.820936667
36.742461667 139.820935
36.742461667 139.820935
36.742461667 139.820935
36.742461667 139.820935
36.742461667 139.820935
36.742461667 139.820935
36.742461667 139.820935
36.742461667 139.820935
36.742461667 139.820935
36.74246 139.820936667
36.74246 139.820936667
36.74246 139.820936667
36.74246 139.820936667
36.74246 139.820936667
36.74246 139.820936667
36.74246 139.820938333
36.74246 139.820938333
36.74246 139.820938333
36.742458333 139.820938333
36.742458333 139.820938333
36.742458333 139.820938333
36.742458333 139.820938333
36.742458333 139.820938333
36.742458333 139.820938333
36.742458333 139.82094
36.742458333 139.82094
36.742458333 139.82094
36.742458333 139.82094
36.742458333 139.82094
36.742458333 139.82094
36.742458333 139.82094
36.742458333 139.82094
36.742458333 139.82094
36.742456667 139.82094
36.742456667 139.82094
36.742456667 139.82094
36.742456667 139.82094
36.742456667 139.82094
36.742456667 139.82094
36.742456667 139.82094
36.742456667 139.82094
36.742456667 139.82094
36.742456667 139.82094
36.742456667 139.82094
36.742456667 139.82094
36.742455 139.82094
36.742455 139.82094
36.742455 139.82094
36.742455 139.82094
36.742455 139.82094
36.742455 139.82094
36.742455 139.82094
36.742455 139.82094
36.742455 139.82094
36.742455 139.82094
36.742455 139.82094
36.742455 139.82094
36.742453333 139.82094
36.742453333 139.82094
36.742453333 139.82094
36.742453333 139.820941667
36.742453333 139.820941667
36.742453333 139.820941667
36.742453333 139.820941667
36.742453333 139.820941667
36.742453333 139.820941667
36.742451667 139.820941667
36.742451667 139.820941667
36.742451667 139.820941667
36.742451667 139.820941667
36.742451667 139.820941667
36.742451667 139.820941667
36.742451667 139.820941667
36.742451667 139.820941667
36.742451667 139.820941667
36.74245 139.820941667
36.74245 139.820941667
36.74245 139.820941667
36.74245 139.820941667
36.74245 139.820941667
36.74245 139.820941667
36.74245 139.820941667
36.74245 139.820941667
36.74245 139.820941667
36.74245 139.820941667
36.74245 139.820941667
36.74245 139.820941667
36.74245 139.820941667
36.74245 139.820941667
36.74245 139.820941667
36.742448333 139.820941667
36.742448333 139.820941667
36.742448333 139.820941667
36.742448333 139.820941667
36.742448333 139.820941667
36.742448333 139.820941667
36.742448333 139.820941667
36.742448333 139.820941667
36.742448333 139.820941667
36.742448333 139.82094
36.742448333 139.82094
36.742448333 139.82094
36.742448333 139.82094
36.742448333 139.82094
36.742448333 139.82094
36.742446667 139.82094
36.742446667 139.82094
36.742446667 139.82094
36.742446667 139.82094
36.742446667 139.82094
36.742446667 139.82094
36.742446667 139.820938333
36.742446667 139.820938333
36.742446667 139.820938333
36.742446667 139.820938333
36.742446667 139.820938333
36.742446667 139.820938333
36.742446667 139.820938333
36.742446667 139.820938333
36.742446667 139.820938333
36.742446667 139.82094
36.742446667 139.82094
36.742446667 139.82094
36.742446667 139.82094
36.742446667 139.82094
36.742446667 139.82094
36.742446667 139.82094
36.742446667 139.82094
36.742446667 139.82094
36.742446667 139.82094
36.742446667 139.82094
36.742446667 139.82094
36.742448333 139.820941667
36.742448333 139.820941667
36.742448333 139.820941667
36.742448333 139.820941667
36.742448333 139.820941667
36.742448333 139.820941667
36.742448333 139.820941667
36.742448333 139.820941667
36.742448333 139.820941667
36.742448333 139.820943333
36.742448333 139.820943333
36.742448333 139.820943333
36.742448333 139.820943333
36.742448333 139.820943333
36.742448333 139.820943333
36.742448333 139.820943333
36.742448333 139.820943333
36.742448333 139.820943333
36.742448333 139.820943333
36.742448333 139.820943333
36.742448333 139.820943333
36.742446667 139.820945
36.742446667 139.820945
36.742446667 139.820945
36.742446667 139.820945
36.742446667 139.820945
36.742446667 139.820945
36.742446667 139.820945
36.742446667 139.820945
36.742446667 139.820945
36.742446667 139.820946667
36.742446667 139.820946667
36.742446667 139.820946667
36.742446667 139.820946667
36.742446667 139.820946667
36.742446667 139.820946667
36.742448333 139.820946667
36.742448333 139.820946667
36.742448333 139.820946667
36.742448333 139.820948333
36.742448333 139.820948333
36.742448333 139.820948333
36.742448333 139.820948333
36.742448333 139.820948333
36.742448333 139.820948333
36.742446667 139.820948333
36.742446667 139.820948333
36.742446667 139.820948333
36.742446667 139.82095
36.742446667 139.82095
36.742446667 139.82095
36.742448333 139.82095
36.742448333 139.82095
36.742448333 139.82095
36.74245 139.820951667
36.74245 139.820951667
36.74245 139.820951667
36.742451667 139.820951667
36.742451667 139.820951667
36.742451667 139.820951667
36.742453333 139.820951667
36.742453333 139.820951667
36.742453333 139.820951667
36.742455 139.820951667
36.742455 139.820951667
36.742455 139.820951667
36.742456667 139.820953333
36.742456667 139.820953333
36.742456667 139.820953333
36.742456667 139.820955
36.742456667 139.820955
36.742456667 139.820955
36.742456667 139.820955
36.742456667 139.820955
36.742456667 139.820955
36.742456667 139.820956667
36.742456667 139.820956667
36.742456667 139.820956667
36.742456667 139.820956667
36.742456667 139.820956667
36.742456667 139.820956667
36.742456667 139.820958333
36.742456667 139.820958333
36.742456667 139.820958333
36.742458333 139.820958333
36.742458333 139.820958333
36.742458333 139.820958333
36.742456667 139.820958333
36.742456667 139.820958333
36.742456667 139.820958333
36.742456667 139.820958333
36.742456667 139.820958333
36.742456667 139.820958333
36.742456667 139.820958333
36.742456667 139.820958333
36.742456667 139.820958333
36.742455 139.820958333
36.742455 139.820958333
36.742455 139.820958333
36.742455 139.82096
36.742455 139.82096
36.742455 139.82096
36.742455 139.82096
36.742455 139.82096
36.742455 139.82096
36.742455 139.820961667
36.742455 139.820961667
36.742455 139.820961667
36.742455 139.820961667
36.742455 139.820961667
36.742455 139.820961667
36.742455 139.820963333
36.742455 139.820963333
36.742455 139.820963333
36.742455 139.820965
36.742455 139.820965
36.742455 139.820965
36.742455 139.820965
36.742455 139.820965
36.742455 139.820965
36.742455 139.820966667
36.742455 139.820966667
36.742455 139.820966667
36.742455 139.820966667
36.742455 139.820966667
36.742455 139.820966667
36.742455 139.820968333
36.742455 139.820968333
36.742455 139.820968333
36.742455 139.820968333
36.742455 139.820968333
36.742455 139.820968333
36.742455 139.820968333
36.742455 139.820968333
36.742455 139.820968333
36.742455 139.820968333
36.742455 139.820968333
36.742455 139.820968333
36.742455 139.820968333
36.742455 139.820968333
36.742455 139.820968333
36.742455 139.820968333
36.742455 139.820968333
36.742455 139.820968333
36.742455 139.820968333
36.742455 139.820968333
36.742455 139.820968333
36.742456667 139.820968333
36.742456667 139.820968333
36.742456667 139.820968333
36.742456667 139.82097
36.742456667 139.82097
36.742456667 139.82097
36.742456667 139.82097
36.742456667 139.82097
36.742456667 139.82097
36.742458333 139.82097
36.742458333 139.82097
36.742458333 139.82097
36.742458333 139.820971667
36.742458333 139.820971667
36.742458333 139.820971667
36.742458333 139.820973333
36.742458333 139.820973333
36.742458333 139.820973333
36.74246 139.820973333
36.74246 139.820973333
36.74246 139.820973333
36.74246 139.820973333
36.74246 139.820973333
36.74246 139.820973333
36.74246 139.820973333
36.74246 139.820973333
36.74246 139.820973333
36.742461667 139.820975
36.742461667 139.820975
36.742461667 139.820975
36.742461667 139.820975
36.742461667 139.820975
36.742461667 139.820975
36.742461667 139.820975
36.742461667 139.820975
36.742461667 139.820975
36.742461667 139.820975
36.742461667 139.820975
36.742461667 139.820975
36.742461667 139.820975
36.742461667 139.820975
36.742461667 139.820975
36.742463333 139.820975
36.742463333 139.820975
36.742463333 139.820975
36.742463333 139.820976667
36.742463333 139.820976667
36.742463333 139.820976667
36.742463333 139.820976667
36.742463333 139.820976667
36.742463333 139.820976667
36.742465 139.820976667
36.742465 139.820976667
36.742465 139.820976667
36.742465 139.820976667
36.742465 139.820976667
36.742465 139.820976667
36.742465 139.820978333
36.742465 139.820978333
36.742465 139.820978333
36.742466667 139.820978333
36.742466667 139.820978333
36.742466667 139.820978333
36.742466667 139.820978333
36.742466667 139.820978333
36.742466667 139.820978333
36.742466667 139.82098
36.742466667 139.82098
36.742466667 139.82098
36.742466667 139.82098
36.742466667 139.82098
36.742466667 139.82098
36.742468333 139.82098
36.742468333 139.82098
36.742468333 139.82098
36.742468333 139.820981667
36.742468333 139.820981667
36.742468333 139.820981667
36.74247 139.820983333
36.74247 139.820983333
36.74247 139.820983333
36.74247 139.820983333
36.74247 139.820983333
36.74247 139.820983333
36.742471667 139.820985
36.742471667 139.820985
36.742471667 139.820985
36.742471667 139.820986667
36.742471667 139.820986667
36.742471667 139.820986667
36.742471667 139.820986667
36.742471667 139.820986667
36.742471667 139.820986667
36.742471667 139.820986667
36.742471667 139.820986667
36.742471667 139.820986667
36.742471667 139.820986667
36.742471667 139.820986667
36.742471667 139.820986667
36.742471667 139.820988333
36.742471667 139.820988333
36.742471667 139.820988333
36.742468333 139.820986667
36.742468333 139.820986667
36.742468333 139.820986667
36.742458333 139.820983333
36.742458333 139.820983333
36.742458333 139.820983333
36.742443333 139.82098
36.742443333 139.82098
36.742443333 139.82098
36.742421667 139.820981667
36.742421667 139.820981667
36.742421667 139.820981667
36.742396667 139.820985
36.742396667 139.820985
36.742396667 139.820985
36.742376667 139.820991667
36.742376667 139.820991667
36.742376667 139.820991667
36.742356667 139.821003333
36.742356667 139.821003333
36.742356667 139.821003333
36.742341667 139.821021667
36.742341667 139.821021667
36.742341667 139.821021667
36.742335 139.821045
36.742335 139.821045
36.742335 139.821045
36.742331667 139.821071667
36.742331667 139.821071667
36.742331667 139.821071667
36.742325 139.821098333
36.742325 139.821098333
36.742325 139.821098333
36.742318333 139.821125
36.742318333 139.821125
36.742318333 139.821125
36.742311667 139.821151667
36.742311667 139.821151667
36.742311667 139.821151667
36.742303333 139.821178333
36.742303333 139.821178333
36.742303333 139.821178333
36.742293333 139.821205
36.742293333 139.821205
36.742293333 139.821205
36.742285 139.821233333
36.742285 139.821233333
36.742285 139.821233333
36.742275 139.821263333
36.742275 139.821263333
36.742275 139.821263333
36.742266667 139.821293333
36.742266667 139.821293333
36.742266667 139.821293333
36.742256667 139.821321667
36.742256667 139.821321667
36.742256667 139.821321667
36.742248333 139.821348333
36.742248333 139.821348333
36.742248333 139.821348333
36.742238333 139.821373333
36.742238333 139.821373333
36.742238333 139.821373333
36.742226667 139.821395
36.742226667 139.821395
36.742226667 139.821395
36.7422 139.821398333
36.7422 139.821398333
36.7422 139.821398333
36.742155 139.821385
36.742155 139.821385
36.742155 139.821385
36.742118333 139.821385
36.742118333 139.821385
36.742118333 139.821385
36.74209 139.821388333
36.74209 139.821388333
36.74209 139.821388333
36.742055 139.821386667
36.742055 139.821386667
36.742055 139.821386667
36.74202 139.821383333
36.74202 139.821383333
36.74202 139.821383333
36.74199 139.821378333
36.74199 139.821378333
36.74199 139.821378333
36.74197 139.821375
36.74197 139.821375
36.74197 139.821375
36.741955 139.821356667
36.741955 139.821356667
36.741955 139.821356667
36.741933333 139.821328333
36.741933333 139.821328333
36.741933333 139.821328333
36.741925 139.821303333
36.741925 139.821303333
36.741925 139.821303333
36.74192 139.821285
36.74192 139.821285
36.74192 139.821285
36.741913333 139.821263333
36.741913333 139.821263333
36.741913333 139.821263333
36.741913333 139.82124
36.741913333 139.82124
36.741913333 139.82124
36.741916667 139.821215
36.741916667 139.821215
36.741916667 139.821215
36.74192 139.82119
36.74192 139.82119
36.74192 139.82119
36.741923333 139.821165
36.741923333 139.821165
36.741923333 139.821165
36.741923333 139.821145
36.741923333 139.821145
36.741923333 139.821145
36.741928333 139.821123333
36.741928333 139.821123333
36.741928333 139.821123333
36.741926667 139.82111
36.741926667 139.82111
36.741926667 139.82111
36.741926667 139.8211
36.741926667 139.8211
36.741926667 139.8211
36.741925 139.821096667
36.741925 139.821096667
36.741925 139.821096667
36.741913333 139.821103333
36.741913333 139.821103333
36.741913333 139.821103333
36.74191 139.8211
36.74191 139.8211
36.74191 139.8211
36.741903333 139.821101667
36.741903333 139.821101667
36.741903333 139.821101667
36.741895 139.821105
36.741895 139.821105
36.741895 139.821105
36.741895 139.821105
36.741895 139.821105
36.741895 139.821105
36.741895 139.821105
36.741895 139.821105
36.741895 139.821105
36.741893333 139.821105
36.741893333 139.821105
36.741893333 139.821105
36.741893333 139.821105
36.741893333 139.821105
36.741893333 139.821105
36.741893333 139.821105
36.741893333 139.821105
36.741893333 139.821105
36.741893333 139.821103333
36.741893333 139.821103333
36.741893333 139.821103333
36.741893333 139.821103333
36.741893333 139.821103333
36.741893333 139.821103333
36.741891667 139.821095
36.741891667 139.821095
36.741891667 139.821095
36.741895 139.821083333
36.741895 139.821083333
36.741895 139.821083333
36.741891667 139.821071667
36.741891667 139.821071667
36.741891667 139.821071667
36.741893333 139.821048333
36.741893333 139.821048333
36.741893333 139.821048333
36.741901667 139.821013333
36.741901667 139.821013333
36.741901667 139.821013333
36.741913333 139.820973333
36.741913333 139.820973333
36.741913333 139.820973333
36.741923333 139.820933333
36.741923333 139.820933333
36.741923333 139.820933333
36.741938333 139.820885
36.741938333 139.820885
36.741938333 139.820885
36.741956667 139.820833333
36.741956667 139.820833333
36.741956667 139.820833333
36.741976667 139.820775
36.741976667 139.820775
36.741976667 139.820775
36.741995 139.82072
36.741995 139.82072
36.741995 139.82072
36.742011667 139.82066
36.742011667 139.82066
36.742011667 139.82066
36.74204 139.82059
36.74204 139.82059
36.74204 139.82059
36.742068333 139.820515
36.742068333 139.820515
36.742068333 139.820515
36.742091667 139.820441667
36.742091667 139.820441667
36.742091667 139.820441667
36.742123333 139.820363333
36.742123333 139.820363333
36.742123333 139.820363333
36.74215 139.820285
36.74215 139.820285
36.74215 139.820285
36.742175 139.82021
36.742175 139.82021
36.742175 139.82021
36.742208333 139.820125
36.742208333 139.820125
36.742208333 139.820125
36.742243333 139.820043333
36.742243333 139.820043333
36.742243333 139.820043333
36.74228 139.819961667
36.74228 139.819961667
36.74228 139.819961667
36.742313333 139.819881667
36.742313333 139.819881667
36.742313333 139.819881667
36.742345 139.819801667
36.742345 139.819801667
36.742345 139.819801667
36.742375 139.819723333
36.742375 139.819723333
36.742375 139.819723333
36.742406667 139.819646667
36.742406667 139.819646667
36.742406667 139.819646667
36.742436667 139.819571667
36.742436667 139.819571667
36.742436667 139.819571667
36.742466667 139.819498333
36.742466667 139.819498333
36.742466667 139.819498333
36.742495 139.819421667
36.742495 139.819421667
36.742495 139.819421667
36.742518333 139.819353333
36.742518333 139.819353333
36.742518333 139.819353333
36.742545 139.819281667
36.742545 139.819281667
36.742545 139.819281667
36.742571667 139.819208333
36.742571667 139.819208333
36.742571667 139.819208333
36.742596667 139.819135
36.742596667 139.819135
36.742596667 139.819135
36.742625 139.819056667
36.742625 139.819056667
36.742625 139.819056667
36.742655 139.818973333
36.742655 139.818973333
36.742655 139.818973333
36.742685 139.81889
36.742685 139.81889
36.742685 139.81889
36.742716667 139.818803333
36.742716667 139.818803333
36.742716667 139.818803333
36.742745 139.818716667
36.742745 139.818716667
36.742745 139.818716667
36.742776667 139.818628333
36.742776667 139.818628333
36.742776667 139.818628333
36.742808333 139.818541667
36.742808333 139.818541667
36.742808333 139.818541667
36.74284 139.818451667
36.74284 139.818451667
36.74284 139.818451667
36.74287 139.818363333
36.74287 139.818363333
36.74287 139.818363333
36.742893333 139.818276667
36.742893333 139.818276667
36.742893333 139.818276667
36.742923333 139.818183333
36.742923333 139.818183333
36.742923333 139.818183333
36.742955 139.818086667
36.742955 139.818086667
36.742955 139.818086667
36.74299 139.817988333
36.74299 139.817988333
36.74299 139.817988333
36.743016667 139.817895
36.743016667 139.817895
36.743016667 139.817895
36.743048333 139.817801667
36.743048333 139.817801667
36.743048333 139.817801667
36.743078333 139.817705
36.743078333 139.817705
36.743078333 139.817705
36.743113333 139.817601667
36.743113333 139.817601667
36.743113333 139.817601667
36.743145 139.817503333
36.743145 139.817503333
36.743145 139.817503333
36.74318 139.817396667
36.74318 139.817396667
36.74318 139.817396667
36.743203333 139.817298333
36.743203333 139.817298333
36.743203333 139.817298333
36.743233333 139.817195
36.743233333 139.817195
36.743233333 139.817195
36.743266667 139.81709
36.743266667 139.81709
36.743266667 139.81709
36.743301667 139.816983333
36.743301667 139.816983333
36.743301667 139.816983333
36.743336667 139.816875
36.743336667 139.816875
36.743336667 139.816875
36.743376667 139.81676
36.743376667 139.81676
36.743376667 139.81676
36.74342 139.816638333
36.74342 139.816638333
36.74342 139.816638333
36.74346 139.81652
36.74346 139.81652
36.74346 139.81652
36.743503333 139.8164
36.743503333 139.8164
36.743503333 139.8164
36.74355 139.816271667
36.74355 139.816271667
36.74355 139.816271667
36.743595 139.816145
36.743595 139.816145
36.743595 139.816145
36.74364 139.816016667
36.74364 139.816016667
36.74364 139.816016667
36.743686667 139.815885
36.743686667 139.815885
36.743686667 139.815885
36.743738333 139.81575
36.743738333 139.81575
36.743738333 139.81575
36.743786667 139.815616667
36.743786667 139.815616667
36.743786667 139.815616667
36.743836667 139.815481667
36.743836667 139.815481667
36.743836667 139.815481667
36.743886667 139.815345
36.743886667 139.815345
36.743886667 139.815345
36.743936667 139.815206667
36.743936667 139.815206667
36.743936667 139.815206667
36.743988333 139.815068333
36.743988333 139.815068333
36.743988333 139.815068333
36.74404 139.81493
36.74404 139.81493
36.74404 139.81493
36.744095 139.814786667
36.744095 139.814786667
36.744095 139.814786667
36.744145 139.814646667
36.744145 139.814646667
36.744145 139.814646667
36.744193333 139.81451
36.744193333 139.81451
36.744193333 139.81451
36.744241667 139.814375
36.744241667 139.814375
36.744241667 139.814375
36.744288333 139.814248333
36.744288333 139.814248333
36.744288333 139.814248333
36.744336667 139.814123333
36.744336667 139.814123333
36.744336667 139.814123333
36.744376667 139.814011667
36.744376667 139.814011667
36.744376667 139.814011667
36.744416667 139.813905
36.744416667 139.813905
36.744416667 139.813905
36.744453333 139.813805
36.744453333 139.813805
36.744453333 139.813805
36.744486667 139.813711667
36.744486667 139.813711667
36.744486667 139.813711667
36.744516667 139.813623333
36.744516667 139.813623333
36.744516667 139.813623333
36.744543333 139.813545
36.744543333 139.813545
36.744543333 139.813545
36.744563333 139.813476667
36.744563333 139.813476667
36.744563333 139.813476667
36.744586667 139.813408333
36.744586667 139.813408333
36.744586667 139.813408333
36.744606667 139.813343333
36.744606667 139.813343333
36.744606667 139.813343333
36.744626667 139.813283333
36.744626667 139.813283333
36.744626667 139.813283333
36.744645 139.813225
36.744645 139.813225
36.744645 139.813225
36.74466 139.81317
36.74466 139.81317
36.74466 139.81317
36.744676667 139.813115
36.744676667 139.813115
36.744676667 139.813115
36.744693333 139.813061667
36.744693333 139.813061667
36.744693333 139.813061667
36.74471 139.813011667
36.74471 139.813011667
36.74471 139.813011667
36.744723333 139.812965
36.744723333 139.812965
36.744723333 139.812965
36.744738333 139.812921667
36.744738333 139.812921667
36.744738333 139.812921667
36.74476 139.812875
36.74476 139.812875
36.74476 139.812875
36.744783333 139.812833333
36.744783333 139.812833333
36.744783333 139.812833333
36.744806667 139.812793333
36.744806667 139.812793333
36.744806667 139.812793333
36.744833333 139.812755
36.744833333 139.812755
36.744833333 139.812755
36.744855 139.81273
36.744855 139.81273
36.744855 139.81273
36.744883333 139.812703333
36.744883333 139.812703333
36.744883333 139.812703333
36.744866667 139.812735
36.744866667 139.812735
36.744866667 139.812735
36.744898333 139.812715
36.744898333 139.812715
36.744898333 139.812715
36.74493 139.812703333
36.74493 139.812703333
36.74493 139.812703333
36.744965 139.8127
36.744965 139.8127
36.744965 139.8127
36.745001667 139.812696667
36.745001667 139.812696667
36.745001667 139.812696667
36.745036667 139.812698333
36.745036667 139.812698333
36.745036667 139.812698333
36.745068333 139.812708333
36.745068333 139.812708333
36.745068333 139.812708333
36.7451 139.812725
36.7451 139.812725
36.7451 139.812725
36.74513 139.812741667
36.74513 139.812741667
36.74513 139.812741667
36.745158333 139.812766667
36.745158333 139.812766667
36.745158333 139.812766667
36.745178333 139.8128
36.745178333 139.8128
36.745178333 139.8128
36.745188333 139.812841667
36.745188333 139.812841667
36.745188333 139.812841667
36.745206667 139.81288
36.745206667 139.81288
36.745206667 139.81288
36.745221667 139.812921667
36.745221667 139.812921667
36.745221667 139.812921667
36.74523 139.812971667
36.74523 139.812971667
36.74523 139.812971667
36.745231667 139.813023333
36.745231667 139.813023333
36.745231667 139.813023333
36.745231667 139.813071667
36.745231667 139.813071667
36.745231667 139.813071667
36.745223333 139.813118333
36.745223333 139.813118333
36.745223333 139.813118333
36.745206667 139.813161667
36.745206667 139.813161667
36.745206667 139.813161667
36.74518 139.813196667
36.74518 139.813196667
36.74518 139.813196667
36.745151667 139.813235
36.745151667 139.813235
36.745151667 139.813235
36.74512 139.813266667
36.74512 139.813266667
36.74512 139.813266667
36.745085 139.813295
36.745085 139.813295
36.745085 139.813295
36.745041667 139.81332
36.745041667 139.81332
36.745041667 139.81332
36.744996667 139.813346667
36.744996667 139.813346667
36.744996667 139.813346667
36.744953333 139.813373333
36.744953333 139.813373333
36.744953333 139.813373333
36.744906667 139.813401667
36.744906667 139.813401667
36.744906667 139.813401667
36.744861667 139.813428333
36.744861667 139.813428333
36.744861667 139.813428333
36.744816667 139.813455
36.744816667 139.813455
36.744816667 139.813455
36.744775 139.813483333
36.744775 139.813483333
36.744775 139.813483333
36.74473 139.813511667
36.74473 139.813511667
36.74473 139.813511667
36.744681667 139.813545
36.744681667 139.813545
36.744681667 139.813545
36.744633333 139.813576667
36.744633333 139.813576667
36.744633333 139.813576667
36.744588333 139.813608333
36.744588333 139.813608333
36.744588333 139.813608333
36.744546667 139.81364
36.744546667 139.81364
36.744546667 139.81364
36.7445 139.813678333
36.7445 139.813678333
36.7445 139.813678333
36.744455 139.813716667
36.744455 139.813716667
36.744455 139.813716667
36.74441 139.813761667
36.74441 139.813761667
36.74441 139.813761667
36.744361667 139.813801667
36.744361667 139.813801667
36.744361667 139.813801667
36.74432 139.813846667
36.74432 139.813846667
36.74432 139.813846667
36.744283333 139.813895
36.744283333 139.813895
36.744283333 139.813895
36.744256667 139.813943333
36.744256667 139.813943333
36.744256667 139.813943333
36.74418 139.814041667
36.74418 139.814041667
36.74418 139.814041667
36.744146667 139.814108333
36.744146667 139.814108333
36.744146667 139.814108333
36.744125 139.81418
36.744125 139.81418
36.744125 139.81418
36.744105 139.814256667
36.744105 139.814256667
36.744105 139.814256667
36.744083333 139.814321667
36.744083333 139.814321667
36.744083333 139.814321667
36.744061667 139.814388333
36.744061667 139.814388333
36.744061667 139.814388333
36.744041667 139.814448333
36.744041667 139.814448333
36.744041667 139.814448333
36.744023333 139.814498333
36.744023333 139.814498333
36.744023333 139.814498333
36.744013333 139.814531667
36.744013333 139.814531667
36.744013333 139.814531667
36.744001667 139.814561667
36.744001667 139.814561667
36.744001667 139.814561667
36.743991667 139.814585
36.743991667 139.814585
36.743991667 139.814585
36.743983333 139.814603333
36.743983333 139.814603333
36.743983333 139.814603333
36.743978333 139.814613333
36.743978333 139.814613333
36.743978333 139.814613333
36.743973333 139.814623333
36.743973333 139.814623333
36.743973333 139.814623333
36.743971667 139.81463
36.743971667 139.81463
36.743971667 139.81463
36.743971667 139.814633333
36.743971667 139.814633333
36.743971667 139.814633333
36.743971667 139.814636667
36.743971667 139.814636667
36.743971667 139.814636667
36.743971667 139.814636667
36.743971667 139.814636667
36.743971667 139.814636667
36.743971667 139.814636667
36.743971667 139.814636667
36.743971667 139.814636667
36.743971667 139.814636667
36.743971667 139.814636667
36.743971667 139.814636667
36.743971667 139.814636667
36.743971667 139.814636667
36.743971667 139.814636667
36.743971667 139.814636667
36.743971667 139.814636667
36.743971667 139.814636667
36.743971667 139.814636667
36.743971667 139.814636667
36.743971667 139.814636667
36.743971667 139.814636667
36.743971667 139.814636667
36.743971667 139.814636667
36.743971667 139.814636667
36.743971667 139.814636667
36.743971667 139.814636667
36.743971667 139.814636667
36.743971667 139.814636667
36.743971667 139.814636667
36.743971667 139.814636667
36.743971667 139.814636667
36.743971667 139.814636667
36.743971667 139.814636667
36.743971667 139.814636667
36.743971667 139.814636667
36.743971667 139.814636667
36.743971667 139.814636667
36.743971667 139.814636667
36.743971667 139.814636667
36.743971667 139.814636667
36.743971667 139.814636667
36.743971667 139.814636667
36.743971667 139.814636667
36.743971667 139.814636667
36.743971667 139.814636667
36.743971667 139.814636667
36.743971667 139.814636667
36.743971667 139.814636667
36.743971667 139.814636667
36.743971667 139.814636667
36.743971667 139.814636667
36.743971667 139.814636667
36.743971667 139.814636667
36.743971667 139.814636667
36.743971667 139.814636667
36.743971667 139.814636667
36.743971667 139.814636667
36.743971667 139.814636667
36.743971667 139.814636667
36.743971667 139.814636667
36.743971667 139.814636667
36.743971667 139.814636667
36.743971667 139.814636667
36.743971667 139.814636667
36.743971667 139.814636667
36.743971667 139.814636667
36.743971667 139.814636667
36.743971667 139.814636667
36.743971667 139.814636667
36.743971667 139.814636667
36.743971667 139.814636667
36.743971667 139.814636667
36.743971667 139.814636667
36.743971667 139.814636667
36.743971667 139.814636667
36.743971667 139.814636667
36.743971667 139.814636667
36.743971667 139.814636667
36.743971667 139.814636667
36.743971667 139.814636667
36.743971667 139.814636667
36.743971667 139.814636667
36.743971667 139.814636667
36.743971667 139.814636667
36.743971667 139.814636667
36.743971667 139.814636667
36.743971667 139.814636667
36.743971667 139.814636667
36.743971667 139.814636667
36.743971667 139.814636667
36.743971667 139.814636667
36.743971667 139.814636667
36.743971667 139.814636667
36.743971667 139.814636667
36.743971667 139.814636667
36.743971667 139.814636667
36.743971667 139.814636667
36.743971667 139.814636667
36.743971667 139.814636667
36.743971667 139.814636667
36.743971667 139.814636667
36.743971667 139.814636667
36.743971667 139.814636667
36.743971667 139.814636667
36.743971667 139.814636667
36.743971667 139.814636667
36.743971667 139.814636667
36.743971667 139.814636667
36.743971667 139.814636667
36.743971667 139.814636667
36.743971667 139.814636667
36.743971667 139.814636667
36.743971667 139.814636667
36.743971667 139.814636667
36.743971667 139.814636667
36.743971667 139.814636667
36.743971667 139.814636667
36.743971667 139.814636667
36.743971667 139.814636667
36.743971667 139.814636667
36.743971667 139.814636667
36.743971667 139.814636667
36.743971667 139.814636667
36.743971667 139.814636667
36.743971667 139.814636667
36.743971667 139.814636667
36.743971667 139.814636667
36.743971667 139.814636667
36.743971667 139.814636667
36.743971667 139.814636667
36.743971667 139.814636667
36.743971667 139.814636667
36.743971667 139.814636667
36.743971667 139.814636667
36.743971667 139.814636667
36.743971667 139.814636667
36.743971667 139.814636667
36.743971667 139.814636667
36.743971667 139.814636667
36.743971667 139.814636667
36.743971667 139.814636667
36.743971667 139.814636667
36.743971667 139.814636667
36.743971667 139.814636667
36.743971667 139.814636667
36.743971667 139.814636667
36.743971667 139.814636667
36.743971667 139.814636667
36.743971667 139.814636667
36.743971667 139.814636667
36.743971667 139.814636667
36.743971667 139.814636667
36.743971667 139.814636667
36.743971667 139.814636667
36.743971667 139.814636667
36.743971667 139.814636667
36.743971667 139.814636667
36.743971667 139.814636667
36.743971667 139.814643333
36.743971667 139.814643333
36.743971667 139.814643333
36.743966667 139.814673333
36.743966667 139.814673333
36.743966667 139.814673333
36.743953333 139.814716667
36.743953333 139.814716667
36.743953333 139.814716667
36.74393 139.81477
36.74393 139.81477
36.74393 139.81477
36.743906667 139.81483
36.743906667 139.81483
36.743906667 139.81483
36.743881667 139.814898333
36.743881667 139.814898333
36.743881667 139.814898333
36.743853333 139.814973333
36.743853333 139.814973333
36.743853333 139.814973333
36.743823333 139.815056667
36.743823333 139.815056667
36.743823333 139.815056667
36.74379 139.815143333
36.74379 139.815143333
36.74379 139.815143333
36.74376 139.815231667
36.74376 139.815231667
36.74376 139.815231667
36.743725 139.815323333
36.743725 139.815323333
36.743725 139.815323333
36.743688333 139.815416667
36.743688333 139.815416667
36.743688333 139.815416667
36.743651667 139.81551
36.743651667 139.81551
36.743651667 139.81551
36.743615 139.815606667
36.743615 139.815606667
36.743615 139.815606667
36.743576667 139.815703333
36.743576667 139.815703333
36.743576667 139.815703333
36.743541667 139.8158
36.743541667 139.8158
36.743541667 139.8158
36.743505 139.8159
36.743505 139.8159
36.743505 139.8159
36.743466667 139.815996667
36.743466667 139.815996667
36.743466667 139.815996667
36.74343 139.816095
36.74343 139.816095
36.74343 139.816095
36.743393333 139.816191667
36.743393333 139.816191667
36.743393333 139.816191667
36.743356667 139.81629
36.743356667 139.81629
36.743356667 139.81629
36.74332 139.816388333
36.74332 139.816388333
36.74332 139.816388333
36.743283333 139.816481667
36.743283333 139.816481667
36.743283333 139.816481667
36.74325 139.816573333
36.74325 139.816573333
36.74325 139.816573333
36.743216667 139.816663333
36.743216667 139.816663333
36.743216667 139.816663333
36.743185 139.816751667
36.743185 139.816751667
36.743185 139.816751667
36.743153333 139.81684
36.743153333 139.81684
36.743153333 139.81684
36.743121667 139.816921667
36.743121667 139.816921667
36.743121667 139.816921667
36.74309 139.817003333
36.74309 139.817003333
36.74309 139.817003333
36.743058333 139.817085
36.743058333 139.817085
36.743058333 139.817085
36.743026667 139.817166667
36.743026667 139.817166667
36.743026667 139.817166667
36.742996667 139.817248333
36.742996667 139.817248333
36.742996667 139.817248333
36.742966667 139.817328333
36.742966667 139.817328333
36.742966667 139.817328333
36.742938333 139.817405
36.742938333 139.817405
36.742938333 139.817405
36.74291 139.81748
36.74291 139.81748
36.74291 139.81748
36.742881667 139.817553333
36.742881667 139.817553333
36.742881667 139.817553333
36.742853333 139.817625
36.742853333 139.817625
36.742853333 139.817625
36.742823333 139.817696667
36.742823333 139.817696667
36.742823333 139.817696667
36.742796667 139.817768333
36.742796667 139.817768333
36.742796667 139.817768333
36.74277 139.817838333
36.74277 139.817838333
36.74277 139.817838333
36.742741667 139.817906667
36.742741667 139.817906667
36.742741667 139.817906667
36.742715 139.817978333
36.742715 139.817978333
36.742715 139.817978333
36.742686667 139.81805
36.742686667 139.81805
36.742686667 139.81805
36.742658333 139.818118333
36.742658333 139.818118333
36.742658333 139.818118333
36.742631667 139.818188333
36.742631667 139.818188333
36.742631667 139.818188333
36.742605 139.818258333
36.742605 139.818258333
36.742605 139.818258333
36.742578333 139.818325
36.742578333 139.818325
36.742578333 139.818325
36.74255 139.818391667
36.74255 139.818391667
36.74255 139.818391667
36.742523333 139.81846
36.742523333 139.81846
36.742523333 139.81846
36.742496667 139.818526667
36.742496667 139.818526667
36.742496667 139.818526667
36.74247 139.818593333
36.74247 139.818593333
36.74247 139.818593333
36.742443333 139.818661667
36.742443333 139.818661667
36.742443333 139.818661667
36.742406667 139.818731667
36.742406667 139.818731667
36.742406667 139.818731667
36.742366667 139.818805
36.742366667 139.818805
36.742366667 139.818805
36.742328333 139.818883333
36.742328333 139.818883333
36.742328333 139.818883333
36.742286667 139.818965
36.742286667 139.818965
36.742286667 139.818965
36.742246667 139.819053333
36.742246667 139.819053333
36.742246667 139.819053333
36.742205 139.819143333
36.742205 139.819143333
36.742205 139.819143333
36.742163333 139.81924
36.742163333 139.81924
36.742163333 139.81924
36.742123333 139.819338333
36.742123333 139.819338333
36.742123333 139.819338333
36.74208 139.81944
36.74208 139.81944
36.74208 139.81944
36.742036667 139.819545
36.742036667 139.819545
36.742036667 139.819545
36.741983333 139.819668333
36.741983333 139.819668333
36.741983333 139.819668333
36.741931667 139.819788333
36.741931667 139.819788333
36.741931667 139.819788333
36.741878333 139.819913333
36.741878333 139.819913333
36.741878333 139.819913333
36.741826667 139.820038333
36.741826667 139.820038333
36.741826667 139.820038333
36.741756667 139.82018
36.741756667 139.82018
36.741756667 139.82018
36.741693333 139.820318333
36.741693333 139.820318333
36.741693333 139.820318333
36.741633333 139.820456667
36.741633333 139.820456667
36.741633333 139.820456667
36.741575 139.820595
36.741575 139.820595
36.741575 139.820595
36.741515 139.820733333
36.741515 139.820733333
36.741515 139.820733333
36.741458333 139.82087
36.741458333 139.82087
36.741458333 139.82087
36.741403333 139.821001667
36.741403333 139.821001667
36.741403333 139.821001667
36.741353333 139.821131667
36.741353333 139.821131667
36.741353333 139.821131667
36.741301667 139.821256667
36.741301667 139.821256667
36.741301667 139.821256667
36.741251667 139.82138
36.741251667 139.82138
36.741251667 139.82138
36.741203333 139.821496667
36.741203333 139.821496667
36.741203333 139.821496667
36.741155 139.821606667
36.741155 139.821606667
36.741155 139.821606667
36.74111 139.821713333
36.74111 139.821713333
36.74111 139.821713333
36.741068333 139.821816667
36.741068333 139.821816667
36.741068333 139.821816667
36.741031667 139.821911667
36.741031667 139.821911667
36.741031667 139.821911667
36.740995 139.822003333
36.740995 139.822003333
36.740995 139.822003333
36.74096 139.822086667
36.74096 139.822086667
36.74096 139.822086667
36.740928333 139.82216
36.740928333 139.82216
36.740928333 139.82216
36.740896667 139.822225
36.740896667 139.822225
36.740896667 139.822225
36.740868333 139.822285
36.740868333 139.822285
36.740868333 139.822285
36.740843333 139.822338333
36.740843333 139.822338333
36.740843333 139.822338333
36.740825 139.82239
36.740825 139.82239
36.740825 139.82239
36.740818333 139.82244
36.740818333 139.82244
36.740818333 139.82244
36.740826667 139.822481667
36.740826667 139.822481667
36.740826667 139.822481667
36.740845 139.822518333
36.740845 139.822518333
36.740845 139.822518333
36.740868333 139.822545
36.740868333 139.822545
36.740868333 139.822545
36.740895 139.822558333
36.740895 139.822558333
36.740895 139.822558333
36.740916667 139.822563333
36.740916667 139.822563333
36.740916667 139.822563333
36.740933333 139.822561667
36.740933333 139.822561667
36.740933333 139.822561667
36.740951667 139.822558333
36.740951667 139.822558333
36.740951667 139.822558333
36.740971667 139.822553333
36.740971667 139.822553333
36.740971667 139.822553333
36.741 139.822536667
36.741 139.822536667
36.741 139.822536667
36.741026667 139.822515
36.741026667 139.822515
36.741026667 139.822515
36.74104 139.822488333
36.74104 139.822488333
36.74104 139.822488333
36.74105 139.822461667
36.74105 139.822461667
36.74105 139.822461667
36.741061667 139.822425
36.741061667 139.822425
36.741061667 139.822425
36.74107 139.822388333
36.74107 139.822388333
36.74107 139.822388333
36.741083333 139.822345
36.741083333 139.822345
36.741083333 139.822345
36.741096667 139.822301667
36.741096667 139.822301667
36.741096667 139.822301667
36.74111 139.822258333
36.74111 139.822258333
36.74111 139.822258333
36.741123333 139.822216667
36.741123333 139.822216667
36.741123333 139.822216667
36.741136667 139.822178333
36.741136667 139.822178333
36.741136667 139.822178333
36.741148333 139.822141667
36.741148333 139.822141667
36.741148333 139.822141667
36.741163333 139.822111667
36.741163333 139.822111667
36.741163333 139.822111667
36.741188333 139.822088333
36.741188333 139.822088333
36.741188333 139.822088333
36.741213333 139.82208
36.741213333 139.82208
36.741213333 139.82208
36.74124 139.822086667
36.74124 139.822086667
36.74124 139.822086667
36.741265 139.8221
36.741265 139.8221
36.741265 139.8221
36.741288333 139.822116667
36.741288333 139.822116667
36.741288333 139.822116667
36.741306667 139.822131667
36.741306667 139.822131667
36.741306667 139.822131667
36.74133 139.822143333
36.74133 139.822143333
36.74133 139.822143333
36.741351667 139.822163333
36.741351667 139.822163333
36.741351667 139.822163333
36.741368333 139.82219
36.741368333 139.82219
36.741368333 139.82219
36.741378333 139.822218333
36.741378333 139.822218333
36.741378333 139.822218333
36.74139 139.822248333
36.74139 139.822248333
36.74139 139.822248333
36.741403333 139.82228
36.741403333 139.82228
36.741403333 139.82228
36.741425 139.822305
36.741425 139.822305
36.741425 139.822305
36.74145 139.822318333
36.74145 139.822318333
36.74145 139.822318333
36.741478333 139.822311667
36.741478333 139.822311667
36.741478333 139.822311667
36.741505 139.822288333
36.741505 139.822288333
36.741505 139.822288333
36.741505 139.822253333
36.741505 139.822253333
36.741505 139.822253333
36.741503333 139.822216667
36.741503333 139.822216667
36.741503333 139.822216667
36.741495 139.822173333
36.741495 139.822173333
36.741495 139.822173333
36.741481667 139.822141667
36.741481667 139.822141667
36.741481667 139.822141667
36.741461667 139.822115
36.741461667 139.822115
36.741461667 139.822115
36.741438333 139.822093333
36.741438333 139.822093333
36.741438333 139.822093333
36.741416667 139.822075
36.741416667 139.822075
36.741416667 139.822075
36.741395 139.822061667
36.741395 139.822061667
36.741395 139.822061667
36.741378333 139.822053333
36.741378333 139.822053333
36.741378333 139.822053333
36.74137 139.822046667
36.74137 139.822046667
36.74137 139.822046667
36.741366667 139.822043333
36.741366667 139.822043333
36.741366667 139.822043333
36.741366667 139.82204
36.741366667 139.82204
36.741366667 139.82204
36.741365 139.82204
36.741365 139.82204
36.741365 139.82204
36.741365 139.82204
36.741365 139.82204
36.741365 139.82204
36.741366667 139.82204
36.741366667 139.82204
36.741366667 139.82204
36.741366667 139.822038333
36.741366667 139.822038333
36.741366667 139.822038333
36.741366667 139.822038333
36.741366667 139.822038333
36.741366667 139.822038333
36.741366667 139.822036667
36.741366667 139.822036667
36.741366667 139.822036667
