36.740926667 139.822198333
36.740928333 139.8222
36.740928333 139.8222
36.740928333 139.8222
36.74093 139.822201667
36.74093 139.822201667
36.74093 139.822201667
36.740931667 139.822201667
36.740931667 139.822201667
36.740931667 139.822201667
36.740931667 139.8222
36.740931667 139.8222
36.740931667 139.8222
36.740933333 139.822201667
36.740933333 139.822201667
36.740933333 139.822201667
36.740931667 139.822203333
36.740931667 139.822203333
36.740931667 139.822203333
36.740931667 139.822203333
36.740931667 139.822203333
36.740931667 139.822203333
36.740931667 139.822205
36.740931667 139.822205
36.740931667 139.822205
36.74093 139.822205
36.74093 139.822205
36.74093 139.822205
36.74093 139.822206667
36.74093 139.822206667
36.74093 139.822206667
36.74093 139.822206667
36.74093 139.822206667
36.74093 139.822206667
36.740931667 139.822206667
36.740931667 139.822206667
36.740931667 139.822206667
36.740931667 139.822206667
36.740931667 139.822206667
36.740931667 139.822206667
36.740933333 139.822206667
36.740933333 139.822206667
36.740933333 139.822206667
36.740933333 139.822206667
36.740933333 139.822206667
36.740933333 139.822206667
36.740931667 139.822206667
36.740931667 139.822206667
36.740931667 139.822206667
36.740933333 139.822208333
36.740933333 139.822208333
36.740933333 139.822208333
36.740935 139.822206667
36.740935 139.822206667
36.740935 139.822206667
36.740935 139.822201667
36.740935 139.822201667
36.740935 139.822201667
36.740935 139.822191667
36.740935 139.822191667
36.740935 139.822191667
36.74094 139.822173333
36.74094 139.822173333
36.74094 139.822173333
36.740941667 139.822145
36.740941667 139.822145
36.740941667 139.822145
36.740956667 139.822108333
36.740956667 139.822108333
36.740956667 139.822108333
36.740975 139.822061667
36.740975 139.822061667
36.740975 139.822061667
36.740998333 139.822008333
36.740998333 139.822008333
36.740998333 139.822008333
36.741021667 139.821951667
36.741021667 139.821951667
36.741021667 139.821951667
36.741033333 139.821893333
36.741033333 139.821893333
36.741033333 139.821893333
36.741056667 139.82184
36.741056667 139.82184
36.741056667 139.82184
36.741083333 139.821783333
36.741083333 139.821783333
36.741083333 139.821783333
36.741106667 139.821728333
36.741106667 139.821728333
36.741106667 139.821728333
36.74113 139.821671667
36.74113 139.821671667
36.74113 139.821671667
36.741156667 139.821611667
36.741156667 139.821611667
36.741156667 139.821611667
36.741185 139.821553333
36.741185 139.821553333
36.741185 139.821553333
36.741215 139.821496667
36.741215 139.821496667
36.741215 139.821496667
36.741245 139.821438333
36.741245 139.821438333
36.741245 139.821438333
36.741273333 139.82138
36.741273333 139.82138
36.741273333 139.82138
36.741298333 139.82132
36.741298333 139.82132
36.741298333 139.82132
36.741325 139.82126
36.741325 139.82126
36.741325 139.82126
36.74135 139.821195
36.74135 139.821195
36.74135 139.821195
36.741376667 139.821125
36.741376667 139.821125
36.741376667 139.821125
36.741406667 139.82105
36.741406667 139.82105
36.741406667 139.82105
36.741435 139.820971667
36.741435 139.820971667
36.741435 139.820971667
36.741458333 139.820888333
36.741458333 139.820888333
36.741458333 139.820888333
36.74148 139.820801667
36.74148 139.820801667
36.74148 139.820801667
36.741505 139.820716667
36.741505 139.820716667
36.741505 139.820716667
36.741535 139.820633333
36.741535 139.820633333
36.741535 139.820633333
36.741576667 139.820553333
36.741576667 139.820553333
36.741576667 139.820553333
36.74161 139.820466667
36.74161 139.820466667
36.74161 139.820466667
36.741641667 139.820378333
36.741641667 139.820378333
36.741641667 139.820378333
36.741675 139.820288333
36.741675 139.820288333
36.741675 139.820288333
36.741706667 139.820195
36.741706667 139.820195
36.741706667 139.820195
36.74174 139.820101667
36.74174 139.820101667
36.74174 139.820101667
36.741776667 139.820011667
36.741776667 139.820011667
36.741776667 139.820011667
36.741813333 139.81992
36.741813333 139.81992
36.741813333 139.81992
36.741851667 139.819826667
36.741851667 139.819826667
36.741851667 139.819826667
36.74189 139.819728333
36.74189 139.819728333
36.74189 139.819728333
36.741926667 139.81963
36.741926667 139.81963
36.741926667 139.81963
36.741961667 139.819531667
36.741961667 139.819531667
36.741961667 139.819531667
36.741995 139.819433333
36.741995 139.819433333
36.741995 139.819433333
36.742028333 139.819335
36.742028333 139.819335
36.742028333 139.819335
36.742058333 139.81924
36.742058333 139.81924
36.742058333 139.81924
36.742091667 139.819146667
36.742091667 139.819146667
36.742091667 139.819146667
36.742123333 139.819058333
36.742123333 139.819058333
36.742123333 139.819058333
36.742151667 139.81897
36.742151667 139.81897
36.742151667 139.81897
36.74218 139.818885
36.74218 139.818885
36.74218 139.818885
36.742211667 139.818805
36.742211667 139.818805
36.742211667 139.818805
36.742248333 139.818726667
36.742248333 139.818726667
36.742248333 139.818726667
36.742285 139.81865
36.742285 139.81865
36.742285 139.81865
36.742316667 139.81857
36.742316667 139.81857
36.742316667 139.81857
36.742348333 139.818488333
36.742348333 139.818488333
36.742348333 139.818488333
36.742378333 139.81841
36.742378333 139.81841
36.742378333 139.81841
36.742408333 139.818331667
36.742408333 139.818331667
36.742408333 139.818331667
36.742441667 139.818256667
36.742441667 139.818256667
36.742441667 139.818256667
36.742476667 139.81818
36.742476667 139.81818
36.742476667 139.81818
36.742513333 139.818098333
36.742513333 139.818098333
36.742513333 139.818098333
36.742548333 139.818008333
36.742548333 139.818008333
36.742548333 139.818008333
36.742581667 139.817913333
36.742581667 139.817913333
36.742581667 139.817913333
36.742618333 139.817813333
36.742618333 139.817813333
36.742618333 139.817813333
36.742661667 139.817706667
36.742661667 139.817706667
36.742661667 139.817706667
36.742705 139.817596667
36.742705 139.817596667
36.742705 139.817596667
36.742748333 139.817481667
36.742748333 139.817481667
36.742748333 139.817481667
36.742791667 139.817366667
36.742791667 139.817366667
36.742791667 139.817366667
36.742835 139.817248333
36.742835 139.817248333
36.742835 139.817248333
36.742878333 139.817128333
36.742878333 139.817128333
36.742878333 139.817128333
36.742921667 139.81701
36.742921667 139.81701
36.742921667 139.81701
36.742965 139.816891667
36.742965 139.816891667
36.742965 139.816891667
36.743006667 139.816773333
36.743006667 139.816773333
36.743006667 139.816773333
36.74305 139.816655
36.74305 139.816655
36.74305 139.816655
36.743095 139.81654
36.743095 139.81654
36.743095 139.81654
36.743138333 139.816425
36.743138333 139.816425
36.743138333 139.816425
36.743181667 139.81631
36.743181667 139.81631
36.743181667 139.81631
36.743221667 139.816196667
36.743221667 139.816196667
36.743221667 139.816196667
36.743263333 139.816083333
36.743263333 139.816083333
36.743263333 139.816083333
36.743308333 139.815966667
36.743308333 139.815966667
36.743308333 139.815966667
36.743355 139.815845
36.743355 139.815845
36.743355 139.815845
36.743403333 139.815718333
36.743403333 139.815718333
36.743403333 139.815718333
36.743455 139.815585
36.743455 139.815585
36.743455 139.815585
36.74351 139.815445
36.74351 139.815445
36.74351 139.815445
36.743566667 139.815301667
36.743566667 139.815301667
36.743566667 139.815301667
36.74362 139.815155
36.74362 139.815155
36.74362 139.815155
36.74367 139.81501
36.74367 139.81501
36.74367 139.81501
36.743723333 139.814868333
36.743723333 139.814868333
36.743723333 139.814868333
36.743775 139.814731667
36.743775 139.814731667
36.743775 139.814731667
36.743826667 139.814593333
36.743826667 139.814593333
36.743826667 139.814593333
36.74388 139.814455
36.74388 139.814455
36.74388 139.814455
36.74393 139.814315
36.74393 139.814315
36.74393 139.814315
36.743978333 139.814175
36.743978333 139.814175
36.743978333 139.814175
36.744021667 139.814035
36.744021667 139.814035
36.744021667 139.814035
36.744066667 139.8139
36.744066667 139.8139
36.744066667 139.8139
36.744115 139.813775
36.744115 139.813775
36.744115 139.813775
36.744161667 139.81366
36.744161667 139.81366
36.744161667 139.81366
36.744201667 139.813553333
36.744201667 139.813553333
36.744201667 139.813553333
36.74424 139.81346
36.74424 139.81346
36.74424 139.81346
36.744288333 139.813385
36.744288333 139.813385
36.744288333 139.813385
36.744338333 139.813328333
36.744338333 139.813328333
36.744338333 139.813328333
36.744395 139.813281667
36.744395 139.813281667
36.744395 139.813281667
36.744481667 139.81329
36.744481667 139.81329
36.744481667 139.81329
36.74455 139.8133
36.74455 139.8133
36.74455 139.8133
36.744625 139.813326667
36.744625 139.813326667
36.744625 139.813326667
36.744693333 139.813376667
36.744693333 139.813376667
36.744693333 139.813376667
36.74475 139.81345
36.74475 139.81345
36.74475 139.81345
36.744788333 139.813526667
36.744788333 139.813526667
36.744788333 139.813526667
36.74481 139.813616667
36.74481 139.813616667
36.74481 139.813616667
36.74482 139.813711667
36.74482 139.813711667
36.74482 139.813711667
36.744811667 139.813806667
36.744811667 139.813806667
36.744811667 139.813806667
36.744778333 139.813896667
36.744778333 139.813896667
36.744778333 139.813896667
36.744731667 139.813975
36.744731667 139.813975
36.744731667 139.813975
36.744671667 139.814048333
36.744671667 139.814048333
36.744671667 139.814048333
36.744605 139.814106667
36.744605 139.814106667
36.744605 139.814106667
36.744528333 139.814153333
36.744528333 139.814153333
36.744528333 139.814153333
36.744438333 139.814188333
36.744438333 139.814188333
36.744438333 139.814188333
36.744348333 139.814225
36.744348333 139.814225
36.744348333 139.814225
36.744258333 139.814265
36.744258333 139.814265
36.744258333 139.814265
36.74417 139.814315
36.74417 139.814315
36.74417 139.814315
36.744081667 139.814373333
36.744081667 139.814373333
36.744081667 139.814373333
36.743996667 139.81444
36.743996667 139.81444
36.743996667 139.81444
36.743916667 139.814516667
36.743916667 139.814516667
36.743916667 139.814516667
36.743835 139.8146
36.743835 139.8146
36.743835 139.8146
36.743766667 139.814698333
36.743766667 139.814698333
36.743766667 139.814698333
36.743708333 139.814806667
36.743708333 139.814806667
36.743708333 139.814806667
36.743658333 139.814926667
36.743658333 139.814926667
36.743658333 139.814926667
36.74361 139.815056667
36.74361 139.815056667
36.74361 139.815056667
36.743563333 139.81519
36.743563333 139.81519
36.743563333 139.81519
36.743515 139.815326667
36.743515 139.815326667
36.743515 139.815326667
36.743466667 139.815463333
36.743466667 139.815463333
36.743466667 139.815463333
36.743415 139.815601667
36.743415 139.815601667
36.743415 139.815601667
36.743365 139.81574
36.743365 139.81574
36.743365 139.81574
36.743316667 139.815878333
36.743316667 139.815878333
36.743316667 139.815878333
36.74327 139.816015
36.74327 139.816015
36.74327 139.816015
36.743221667 139.816151667
36.743221667 139.816151667
36.743221667 139.816151667
36.743171667 139.816293333
36.743171667 139.816293333
36.743171667 139.816293333
36.74312 139.816436667
36.74312 139.816436667
36.74312 139.816436667
36.743066667 139.816581667
36.743066667 139.816581667
36.743066667 139.816581667
36.743015 139.816728333
36.743015 139.816728333
36.743015 139.816728333
36.742961667 139.816876667
36.742961667 139.816876667
36.742961667 139.816876667
36.742908333 139.817025
36.742908333 139.817025
36.742908333 139.817025
36.74285 139.81717
36.74285 139.81717
36.74285 139.81717
36.742793333 139.817321667
36.742793333 139.817321667
36.742793333 139.817321667
36.742738333 139.817473333
36.742738333 139.817473333
36.742738333 139.817473333
36.742683333 139.817626667
36.742683333 139.817626667
36.742683333 139.817626667
36.742626667 139.817778333
36.742626667 139.817778333
36.742626667 139.817778333
36.742571667 139.817931667
36.742571667 139.817931667
36.742571667 139.817931667
36.742516667 139.818085
36.742516667 139.818085
36.742516667 139.818085
36.74246 139.818235
36.74246 139.818235
36.74246 139.818235
36.742405 139.818386667
36.742405 139.818386667
36.742405 139.818386667
36.74235 139.818535
36.74235 139.818535
36.74235 139.818535
36.742295 139.818683333
36.742295 139.818683333
36.742295 139.818683333
36.74224 139.81883
36.74224 139.81883
36.74224 139.81883
36.742186667 139.818976667
36.742186667 139.818976667
36.742186667 139.818976667
36.74213 139.819121667
36.74213 139.819121667
36.74213 139.819121667
36.742075 139.819266667
36.742075 139.819266667
36.742075 139.819266667
36.74202 139.81941
36.74202 139.81941
36.74202 139.81941
36.741965 139.819553333
36.741965 139.819553333
36.741965 139.819553333
36.741911667 139.819696667
36.741911667 139.819696667
36.741911667 139.819696667
36.74186 139.819841667
36.74186 139.819841667
36.74186 139.819841667
36.741808333 139.819983333
36.741808333 139.819983333
36.741808333 139.819983333
36.741756667 139.820123333
36.741756667 139.820123333
36.741756667 139.820123333
36.741708333 139.820263333
36.741708333 139.820263333
36.741708333 139.820263333
36.741656667 139.820406667
36.741656667 139.820406667
36.741656667 139.820406667
36.741605 139.820555
36.741605 139.820555
36.741605 139.820555
36.741546667 139.82071
36.741546667 139.82071
36.741546667 139.82071
36.74149 139.820868333
36.74149 139.820868333
36.74149 139.820868333
36.74143 139.821026667
36.74143 139.821026667
36.74143 139.821026667
36.741371667 139.821183333
36.741371667 139.821183333
36.741371667 139.821183333
36.74131 139.82134
36.74131 139.82134
36.74131 139.82134
36.74125 139.821498333
36.74125 139.821498333
36.74125 139.821498333
36.74119 139.821655
36.74119 139.821655
36.74119 139.821655
36.741135 139.821806667
36.741135 139.821806667
36.741135 139.821806667
36.741078333 139.821945
36.741078333 139.821945
36.741078333 139.821945
36.741026667 139.822071667
36.741026667 139.822071667
36.741026667 139.822071667
36.740978333 139.82218
36.740978333 139.82218
36.740978333 139.82218
36.740931667 139.82227
36.740931667 139.82227
36.740931667 139.82227
36.740895 139.822348333
36.740895 139.822348333
36.740895 139.822348333
36.74086 139.822406667
36.74086 139.822406667
36.74086 139.822406667
36.740843333 139.82246
36.740843333 139.82246
36.740843333 139.82246
36.740836667 139.822503333
36.740836667 139.822503333
36.740836667 139.822503333
36.740845 139.82254
36.740845 139.82254
36.740845 139.82254
36.740865 139.822566667
36.740865 139.822566667
36.740865 139.822566667
36.740891667 139.822583333
36.740891667 139.822583333
36.740891667 139.822583333
36.740921667 139.822593333
36.740921667 139.822593333
36.740921667 139.822593333
36.740945 139.822595
36.740945 139.822595
36.740945 139.822595
36.740961667 139.82259
36.740961667 139.82259
36.740961667 139.82259
36.740983333 139.82258
36.740983333 139.82258
36.740983333 139.82258
36.741008333 139.822565
36.741008333 139.822565
36.741008333 139.822565
36.74103 139.82254
36.74103 139.82254
36.74103 139.82254
36.741048333 139.82251
36.741048333 139.82251
36.741048333 139.82251
36.741063333 139.82247
36.741063333 139.82247
36.741063333 139.82247
36.741081667 139.822425
36.741081667 139.822425
36.741081667 139.822425
36.741098333 139.822371667
36.741098333 139.822371667
36.741098333 139.822371667
36.741116667 139.822318333
36.741116667 139.822318333
36.741116667 139.822318333
36.741135 139.822266667
36.741135 139.822266667
36.741135 139.822266667
36.74115 139.822216667
36.74115 139.822216667
36.74115 139.822216667
36.741165 139.822173333
36.741165 139.822173333
36.741165 139.822173333
36.741188333 139.82214
36.741188333 139.82214
36.741188333 139.82214
36.741213333 139.822115
36.741213333 139.822115
36.741213333 139.822115
36.74124 139.822108333
36.74124 139.822108333
36.74124 139.822108333
36.741268333 139.822116667
36.741268333 139.822116667
36.741268333 139.822116667
36.741301667 139.822136667
36.741301667 139.822136667
36.741301667 139.822136667
36.741331667 139.822166667
36.741331667 139.822166667
36.741331667 139.822166667
36.741351667 139.822196667
36.741351667 139.822196667
36.741351667 139.822196667
36.74137 139.822231667
36.74137 139.822231667
36.74137 139.822231667
36.741386667 139.822266667
36.741386667 139.822266667
36.741386667 139.822266667
36.741408333 139.822296667
36.741408333 139.822296667
36.741408333 139.822296667
36.741435 139.822311667
36.741435 139.822311667
36.741435 139.822311667
36.74146 139.822293333
36.74146 139.822293333
36.74146 139.822293333
36.741483333 139.822275
36.741483333 139.822275
36.741483333 139.822275
36.741496667 139.822245
36.741496667 139.822245
36.741496667 139.822245
36.741495 139.822213333
36.741495 139.822213333
36.741495 139.822213333
36.741481667 139.822181667
36.741481667 139.822181667
36.741481667 139.822181667
36.741461667 139.822148333
36.741461667 139.822148333
36.741461667 139.822148333
36.741426667 139.822116667
36.741426667 139.822116667
36.741426667 139.822116667
36.741388333 139.822093333
36.741388333 139.822093333
36.741388333 139.822093333
36.741356667 139.822073333
36.741356667 139.822073333
36.741356667 139.822073333
36.741325 139.822055
36.741325 139.822055
36.741325 139.822055
36.741298333 139.822043333
36.741298333 139.822043333
36.741298333 139.822043333
36.741281667 139.822036667
36.741281667 139.822036667
36.741281667 139.822036667
