36.741221667 139.821868333
36.741221667 139.821868333
36.741221667 139.821868333
36.741221667 139.821866667
36.741221667 139.821866667
36.741221667 139.821866667
36.74122 139.821866667
36.74122 139.821866667
36.74122 139.821866667
36.74122 139.821865
36.74122 139.821865
36.74122 139.821865
36.74122 139.821865
36.74122 139.821865
36.74122 139.821865
36.741221667 139.821865
36.741221667 139.821865
36.741221667 139.821865
36.741221667 139.821865
36.741221667 139.821865
36.741221667 139.821865
36.741221667 139.821866667
36.741221667 139.821866667
36.741221667 139.821866667
36.741223333 139.821868333
36.741223333 139.821868333
36.741223333 139.821868333
36.741223333 139.82187
36.741223333 139.82187
36.741223333 139.82187
36.741225 139.82187
36.741225 139.82187
36.741225 139.82187
36.74123 139.821878333
36.74123 139.821878333
36.74123 139.821878333
36.741233333 139.821883333
36.741233333 139.821883333
36.741233333 139.821883333
36.741236667 139.821885
36.741236667 139.821885
36.741236667 139.821885
36.741241667 139.821886667
36.741241667 139.821886667
36.741241667 139.821886667
36.741245 139.82189
36.741245 139.82189
36.741245 139.82189
36.74125 139.821888333
36.74125 139.821888333
36.74125 139.821888333
36.741253333 139.821888333
36.741253333 139.821888333
36.741253333 139.821888333
36.741258333 139.821888333
36.741258333 139.821888333
36.741258333 139.821888333
36.741263333 139.82189
36.741263333 139.82189
36.741263333 139.82189
36.741268333 139.821891667
36.741268333 139.821891667
36.741268333 139.821891667
36.741273333 139.821893333
36.741273333 139.821893333
36.741273333 139.821893333
36.741278333 139.821895
36.741278333 139.821895
36.741278333 139.821895
36.741283333 139.821898333
36.741283333 139.821898333
36.741283333 139.821898333
36.741321667 139.821906667
36.741321667 139.821906667
36.741321667 139.821906667
36.741351667 139.82191
36.741351667 139.82191
36.741351667 139.82191
36.741375 139.821915
36.741375 139.821915
36.741375 139.821915
36.741398333 139.821921667
36.741398333 139.821921667
36.741398333 139.821921667
36.741413333 139.821926667
36.741413333 139.821926667
36.741413333 139.821926667
36.741418333 139.821926667
36.741418333 139.821926667
36.741418333 139.821926667
36.741423333 139.821926667
36.741423333 139.821926667
36.741423333 139.821926667
36.741416667 139.821921667
36.741416667 139.821921667
36.741416667 139.821921667
36.741415 139.82192
36.741415 139.82192
36.741415 139.82192
36.741411667 139.821916667
36.741411667 139.821916667
36.741411667 139.821916667
36.741406667 139.821911667
36.741406667 139.821911667
36.741406667 139.821911667
36.741401667 139.821908333
36.741401667 139.821908333
36.741393333 139.821905
36.741393333 139.821905
36.741383333 139.821896667
36.741383333 139.821896667
36.741378333 139.821893333
36.741378333 139.821893333
36.741368333 139.821891667
36.741368333 139.821891667
36.741361667 139.821891667
36.741361667 139.821891667
36.74136 139.821891667
36.74136 139.821891667
36.74136 139.821891667
36.741353333 139.821886667
36.741353333 139.821886667
36.741348333 139.821886667
36.741348333 139.821886667
36.741351667 139.821888333
36.741351667 139.821888333
36.741353333 139.821886667
36.741353333 139.821886667
36.741355 139.821886667
36.741355 139.821886667
36.741355 139.821881667
36.741355 139.821881667
36.741356667 139.821876667
36.741356667 139.821876667
36.741356667 139.821876667
36.74136 139.821873333
36.74136 139.821873333
36.74136 139.821873333
36.741361667 139.82187
36.741361667 139.82187
36.741361667 139.82187
36.741365 139.82187
36.741365 139.82187
36.741365 139.82187
36.74137 139.82187
36.74137 139.82187
36.74137 139.82187
36.741373333 139.821873333
36.741373333 139.821873333
36.741373333 139.821873333
36.74138 139.821876667
36.74138 139.821876667
36.74138 139.821876667
36.741386667 139.82188
36.741386667 139.82188
36.741396667 139.821883333
36.741396667 139.821883333
36.741401667 139.821881667
36.741401667 139.821881667
36.741405 139.821885
36.741405 139.821885
36.741408333 139.82189
36.741408333 139.82189
36.741415 139.8219
36.741415 139.8219
36.741421667 139.821913333
36.741421667 139.821913333
36.741421667 139.821913333
36.741428333 139.821923333
36.741428333 139.821923333
36.741438333 139.821941667
36.741438333 139.821941667
36.741446667 139.821956667
36.741446667 139.821956667
36.741456667 139.821973333
36.741456667 139.821973333
36.741465 139.821981667
36.741465 139.821981667
36.74147 139.821986667
36.74147 139.821986667
