n/a n/a
n/a n/a
n/a n/a
n/a n/a
36.566266667 140.003211667
36.566266667 140.003213333
36.56627 140.003213333
36.566271667 140.003211667
36.566275 140.003211667
36.566275 140.003211667
36.566275 140.00321
36.566275 140.003211667
36.566276667 140.003211667
36.566278333 140.003213333
36.566281667 140.003213333
36.566281667 140.003213333
36.566285 140.003213333
36.566285 140.003213333
36.566286667 140.00321
36.566286667 140.00321
36.566288333 140.003208333
36.566288333 140.003208333
36.566291667 140.003208333
36.566293333 140.00321
36.566295 140.00321
36.566296667 140.003211667
36.5663 140.003215
36.5663 140.003215
36.566301667 140.003215
36.566306667 140.00321
36.566306667 140.003206667
36.56631 140.003203333
36.566303333 140.003203333
36.566303333 140.003203333
36.566305 140.003205
36.566305 140.003205
36.566306667 140.003205
36.566306667 140.003205
36.566306667 140.003206667
36.566306667 140.003206667
36.566306667 140.003205
36.566308333 140.003203333
36.566308333 140.003203333
36.566308333 140.003203333
36.566308333 140.003205
36.566308333 140.003205
36.566308333 140.003206667
36.566308333 140.003208333
36.566308333 140.00321
36.56631 140.00321
36.56631 140.00321
36.56631 140.00321
36.566311667 140.003208333
36.566313333 140.003206667
36.566313333 140.003206667
36.566315 140.003206667
36.566315 140.003206667
36.566315 140.003206667
36.566316667 140.00321
36.566316667 140.003213333
36.741081667 139.821545
36.741081667 139.821545
36.741058333 139.821488333
36.741058333 139.821488333
36.741058333 139.821488333
36.741031667 139.821461667
36.741031667 139.821461667
36.741031667 139.821461667
36.741016667 139.821446667
36.741016667 139.821446667
36.741016667 139.821446667
36.741006667 139.821441667
36.741006667 139.821441667
36.741006667 139.821441667
36.740993333 139.821431667
36.740993333 139.821431667
36.740993333 139.821431667
36.74098 139.821421667
36.74098 139.821421667
36.74098 139.821421667
36.740966667 139.821411667
36.740966667 139.821411667
36.740966667 139.821411667
36.740981667 139.821386667
36.740981667 139.821386667
36.740981667 139.821386667
36.740988333 139.821363333
36.740988333 139.821363333
36.740988333 139.821363333
36.740988333 139.821341667
36.740988333 139.821341667
36.740988333 139.821341667
36.741008333 139.821313333
36.741008333 139.821313333
36.741008333 139.821313333
36.741016667 139.821291667
36.741016667 139.821291667
36.741016667 139.821291667
36.741021667 139.82127
36.741021667 139.82127
36.741021667 139.82127
36.741021667 139.821263333
36.741021667 139.821263333
36.741021667 139.821263333
36.741028333 139.821253333
36.741028333 139.821253333
36.741028333 139.821253333
36.74103 139.821245
36.74103 139.821245
36.74103 139.821245
36.74103 139.82123
36.74103 139.82123
36.74103 139.82123
36.741025 139.821223333
36.741025 139.821223333
36.741025 139.821223333
36.741025 139.82121
36.741025 139.82121
36.741025 139.82121
36.741023333 139.821195
36.741023333 139.821195
36.741023333 139.821195
36.74102 139.821186667
36.74102 139.821186667
36.74102 139.821186667
36.74102 139.821183333
36.74102 139.821183333
36.74102 139.821183333
36.741023333 139.821175
36.741023333 139.821175
36.741023333 139.821175
36.741073333 139.821343333
36.741073333 139.821343333
36.741073333 139.821343333
36.741088333 139.82138
36.741088333 139.82138
36.741088333 139.82138
36.741103333 139.821421667
36.741103333 139.821421667
36.741103333 139.821421667
36.74112 139.821465
36.74112 139.821465
36.74112 139.821465
36.741136667 139.8215
36.741136667 139.8215
36.741136667 139.8215
36.741148333 139.82152
36.741148333 139.82152
36.741148333 139.82152
36.741153333 139.82153
36.741153333 139.82153
36.741153333 139.82153
36.741163333 139.821541667
36.741163333 139.821541667
36.741163333 139.821541667
36.741173333 139.821548333
36.741173333 139.821548333
36.741173333 139.821548333
36.741175 139.821551667
36.741175 139.821551667
36.741175 139.821551667
36.74118 139.82156
36.74118 139.82156
36.74118 139.82156
36.741178333 139.82156
36.741178333 139.82156
36.741178333 139.82156
36.741178333 139.82156
36.741178333 139.82156
36.741178333 139.82156
36.741176667 139.821561667
36.741176667 139.821561667
36.741176667 139.821561667
36.741176667 139.821561667
36.741176667 139.821561667
36.741176667 139.821561667
36.741176667 139.821563333
36.741176667 139.821563333
36.741176667 139.821563333
36.741176667 139.821565
36.741176667 139.821565
36.741176667 139.821565
36.741176667 139.821566667
36.741176667 139.821566667
36.741176667 139.821566667
36.741175 139.82157
36.741175 139.82157
36.741175 139.82157
36.741175 139.821571667
36.741175 139.821571667
36.741175 139.821571667
36.741175 139.821575
36.741175 139.821575
36.741175 139.821575
36.741175 139.821578333
36.741175 139.821578333
36.741175 139.821578333
36.741183333 139.821591667
36.741183333 139.821591667
36.741183333 139.821591667
36.741176667 139.821593333
36.741176667 139.821593333
36.741176667 139.821593333
36.741178333 139.821598333
36.741178333 139.821598333
36.741178333 139.821598333
36.74118 139.821605
36.74118 139.821605
36.74118 139.821605
36.74118 139.821613333
36.74118 139.821613333
36.74118 139.821613333
36.741181667 139.821623333
36.741181667 139.821623333
36.741181667 139.821623333
36.741181667 139.82163
36.741181667 139.82163
36.741181667 139.82163
36.74118 139.821633333
36.74118 139.821633333
36.74118 139.821633333
36.741173333 139.821635
36.741173333 139.821635
36.741173333 139.821635
36.741165 139.821628333
36.741165 139.821628333
36.741165 139.821628333
36.741165 139.821628333
36.741165 139.821628333
36.741165 139.821628333
36.741168333 139.821636667
36.741168333 139.821636667
36.741168333 139.821636667
36.741168333 139.821638333
36.741168333 139.821638333
36.741168333 139.821638333
36.74117 139.821638333
36.74117 139.821638333
36.74117 139.821638333
36.74117 139.82164
36.74117 139.82164
36.74117 139.82164
36.74117 139.82164
36.74117 139.82164
36.74117 139.82164
36.741168333 139.821641667
36.741168333 139.821641667
36.741168333 139.821641667
36.741168333 139.82164
36.741168333 139.82164
36.741168333 139.82164
36.741168333 139.82164
36.741168333 139.82164
36.741168333 139.82164
36.741168333 139.82164
36.741168333 139.82164
36.741168333 139.82164
36.741173333 139.821646667
36.741173333 139.821646667
36.741173333 139.821646667
36.741173333 139.821646667
36.741173333 139.821646667
36.741173333 139.821646667
36.741175 139.821646667
36.741175 139.821646667
36.741175 139.821646667
36.741176667 139.821648333
36.741176667 139.821648333
36.741176667 139.821648333
36.741178333 139.821648333
36.741178333 139.821648333
36.741178333 139.821648333
36.74118 139.821648333
36.74118 139.821648333
36.74118 139.821648333
36.741181667 139.821646667
36.741181667 139.821646667
36.741181667 139.821646667
36.741181667 139.821648333
36.741181667 139.821648333
36.741181667 139.821648333
36.741181667 139.82165
36.741181667 139.82165
36.741181667 139.82165
36.741181667 139.821651667
36.741181667 139.821651667
36.741181667 139.821651667
36.74118 139.821651667
36.74118 139.821651667
36.74118 139.821651667
36.74118 139.821653333
36.74118 139.821653333
36.74118 139.821653333
36.74118 139.821655
36.74118 139.821655
36.74118 139.821655
36.74118 139.821656667
36.74118 139.821656667
36.74118 139.821656667
36.741181667 139.82166
36.741181667 139.82166
36.741181667 139.82166
36.741181667 139.821661667
36.741181667 139.821661667
36.741181667 139.821661667
36.741185 139.82167
36.741185 139.82167
36.741185 139.82167
36.74119 139.821681667
36.74119 139.821681667
36.74119 139.821681667
36.741196667 139.82169
36.741196667 139.82169
36.741196667 139.82169
36.741198333 139.821688333
36.741198333 139.821688333
36.741198333 139.821688333
36.741203333 139.821691667
36.741203333 139.821691667
36.741203333 139.821691667
36.741206667 139.821695
36.741206667 139.821695
36.741206667 139.821695
36.741208333 139.821696667
36.741208333 139.821696667
36.741208333 139.821696667
36.74121 139.821696667
36.74121 139.821696667
36.74121 139.821696667
36.741211667 139.821698333
36.741211667 139.821698333
36.741211667 139.821698333
36.74122 139.821698333
36.74122 139.821698333
36.74122 139.821698333
36.741223333 139.821701667
36.741223333 139.821701667
36.741223333 139.821701667
36.741228333 139.821703333
36.741228333 139.821703333
36.741228333 139.821703333
36.741233333 139.821711667
36.741233333 139.821711667
36.741233333 139.821711667
36.741238333 139.821718333
36.741238333 139.821718333
36.741238333 139.821718333
36.741243333 139.821716667
36.741243333 139.821716667
36.741243333 139.821716667
36.741245 139.821721667
36.741245 139.821721667
36.741245 139.821721667
36.741243333 139.821708333
36.741243333 139.821708333
36.741243333 139.821708333
36.741245 139.821696667
36.741245 139.821696667
36.741245 139.821696667
36.741241667 139.821686667
36.741241667 139.821686667
36.741241667 139.821686667
36.741243333 139.821681667
36.741243333 139.821681667
36.741243333 139.821681667
36.741243333 139.821681667
36.741243333 139.821681667
36.741243333 139.821681667
36.741245 139.82168
36.741245 139.82168
36.741245 139.82168
36.741248333 139.821678333
36.741248333 139.821678333
36.741248333 139.821678333
36.74125 139.821678333
36.74125 139.821678333
36.74125 139.821678333
36.741251667 139.821678333
36.741251667 139.821678333
36.741251667 139.821678333
36.741255 139.821678333
36.741255 139.821678333
36.741255 139.821678333
36.741256667 139.82168
36.741256667 139.82168
36.741256667 139.82168
36.741258333 139.82168
36.741258333 139.82168
36.741258333 139.82168
36.74126 139.82168
36.74126 139.82168
36.74126 139.82168
36.74126 139.82168
36.74126 139.82168
36.74126 139.82168
36.74126 139.82168
36.74126 139.82168
36.74126 139.82168
36.74126 139.82168
36.74126 139.82168
36.74126 139.82168
36.74126 139.82168
36.74126 139.82168
36.74126 139.82168
36.741258333 139.82168
36.741258333 139.82168
36.741258333 139.82168
36.741255 139.821681667
36.741255 139.821681667
36.741255 139.821681667
36.741253333 139.821681667
36.741253333 139.821681667
36.741253333 139.821681667
36.741248333 139.821696667
36.741248333 139.821696667
36.741248333 139.821696667
36.74124 139.821701667
36.74124 139.821701667
36.74124 139.821701667
36.74124 139.821698333
36.74124 139.821698333
36.74124 139.821698333
36.741245 139.821705
36.741245 139.821705
36.741245 139.821705
36.741243333 139.82171
36.741243333 139.82171
36.741243333 139.82171
36.741245 139.821716667
36.741245 139.821716667
36.741245 139.821716667
36.741245 139.821721667
36.741245 139.821721667
36.741245 139.821721667
36.741246667 139.821725
36.741246667 139.821725
36.741246667 139.821725
36.741246667 139.82173
36.741246667 139.82173
36.741246667 139.82173
36.741245 139.821735
36.741245 139.821735
36.741245 139.821735
36.741245 139.82174
36.741245 139.82174
36.741245 139.82174
36.741246667 139.821745
36.741246667 139.821745
36.741246667 139.821745
36.741245 139.82175
36.741245 139.82175
36.741245 139.82175
36.741245 139.821753333
36.741245 139.821753333
36.741245 139.821753333
36.741245 139.821758333
36.741245 139.821758333
36.741245 139.821758333
36.741245 139.821763333
36.741245 139.821763333
36.741245 139.821763333
36.741245 139.821766667
36.741245 139.821766667
36.741245 139.821766667
36.741246667 139.82177
36.741246667 139.82177
36.741246667 139.82177
36.741246667 139.821775
36.741246667 139.821775
36.741246667 139.821775
36.741248333 139.821778333
36.741248333 139.821778333
36.741248333 139.821778333
36.741248333 139.821783333
36.741248333 139.821783333
36.741248333 139.821788333
36.741248333 139.821788333
36.741246667 139.821791667
36.741246667 139.821791667
36.741246667 139.821796667
36.741246667 139.821796667
36.741246667 139.8218
36.741246667 139.8218
36.741246667 139.821805
36.741246667 139.821805
