36.741026667 139.821975
36.741026667 139.821975
36.741026667 139.821975
36.741053333 139.82191
36.741053333 139.82191
36.741053333 139.82191
36.741081667 139.821846667
36.741081667 139.821846667
36.741081667 139.821846667
36.741106667 139.821783333
36.741106667 139.821783333
36.741106667 139.821783333
36.74113 139.821721667
36.74113 139.821721667
36.74113 139.821721667
36.741155 139.821656667
36.741155 139.821656667
36.741155 139.821656667
36.74118 139.821586667
36.74118 139.821586667
36.74118 139.821586667
36.7412 139.821516667
36.7412 139.821516667
36.7412 139.821516667
36.741221667 139.821451667
36.741221667 139.821451667
36.741221667 139.821451667
36.741245 139.821385
36.741245 139.821385
36.741245 139.821385
36.74127 139.821321667
36.74127 139.821321667
36.74127 139.821321667
36.741291667 139.821256667
36.741291667 139.821256667
36.741291667 139.821256667
36.741315 139.821188333
36.741315 139.821188333
36.741315 139.821188333
36.741341667 139.821116667
36.741341667 139.821116667
36.741341667 139.821116667
36.741368333 139.82104
36.741368333 139.82104
36.741368333 139.82104
36.741393333 139.820955
36.741393333 139.820955
36.741393333 139.820955
36.741425 139.82087
36.741425 139.82087
36.741425 139.82087
36.741455 139.820781667
36.741455 139.820781667
36.741455 139.820781667
36.741486667 139.82069
36.741486667 139.82069
36.741486667 139.82069
36.741521667 139.820595
36.741521667 139.820595
36.741521667 139.820595
36.741556667 139.8205
36.741556667 139.8205
36.741556667 139.8205
36.74159 139.820401667
36.74159 139.820401667
36.74159 139.820401667
36.741625 139.820308333
36.741625 139.820308333
36.741625 139.820308333
36.741656667 139.820215
36.741656667 139.820215
36.741656667 139.820215
36.741688333 139.820123333
36.741688333 139.820123333
36.741688333 139.820123333
36.741725 139.820031667
36.741725 139.820031667
36.741725 139.820031667
36.741758333 139.81994
36.741758333 139.81994
36.741758333 139.81994
36.741788333 139.819851667
36.741788333 139.819851667
36.741788333 139.819851667
36.741815 139.819766667
36.741815 139.819766667
36.741815 139.819766667
36.74184 139.819693333
36.74184 139.819693333
36.74184 139.819693333
36.741861667 139.81961
36.741861667 139.81961
36.741861667 139.81961
36.741891667 139.819535
36.741891667 139.819535
36.741891667 139.819535
36.74192 139.819456667
36.74192 139.819456667
36.74192 139.819456667
36.741951667 139.819378333
36.741951667 139.819378333
36.741951667 139.819378333
36.74198 139.819301667
36.74198 139.819301667
36.74198 139.819301667
36.742013333 139.819218333
36.742013333 139.819218333
36.742013333 139.819218333
36.742045 139.819136667
36.742045 139.819136667
36.742045 139.819136667
36.742076667 139.819048333
36.742076667 139.819048333
36.742076667 139.819048333
36.742111667 139.818955
36.742111667 139.818955
36.742111667 139.818955
36.742148333 139.818856667
36.742148333 139.818856667
36.742148333 139.818856667
36.742188333 139.818755
36.742188333 139.818755
36.742188333 139.818755
36.74223 139.81865
36.74223 139.81865
36.74223 139.81865
36.742271667 139.818543333
36.742271667 139.818543333
36.742271667 139.818543333
36.742313333 139.818433333
36.742313333 139.818433333
36.742313333 139.818433333
36.742355 139.81832
36.742355 139.81832
36.742355 139.81832
36.742396667 139.818203333
36.742396667 139.818203333
36.742396667 139.818203333
36.74244 139.818088333
36.74244 139.818088333
36.74244 139.818088333
36.742481667 139.817971667
36.742481667 139.817971667
36.742481667 139.817971667
36.742525 139.817856667
36.742525 139.817856667
36.742525 139.817856667
36.742566667 139.817745
36.742566667 139.817745
36.742566667 139.817745
36.74261 139.817631667
36.74261 139.817631667
36.74261 139.817631667
36.74265 139.817515
36.74265 139.817515
36.74265 139.817515
36.742691667 139.8174
36.742691667 139.8174
36.742691667 139.8174
36.742731667 139.817285
36.742731667 139.817285
36.742731667 139.817285
36.742776667 139.817166667
36.742776667 139.817166667
36.742776667 139.817166667
36.74282 139.817043333
36.74282 139.817043333
36.74282 139.817043333
36.742865 139.816916667
36.742865 139.816916667
36.742865 139.816916667
36.742913333 139.816783333
36.742913333 139.816783333
36.742913333 139.816783333
36.742965 139.816645
36.742965 139.816645
36.742965 139.816645
36.74302 139.816505
36.74302 139.816505
36.74302 139.816505
36.743076667 139.816363333
36.743076667 139.816363333
36.743076667 139.816363333
36.743135 139.81622
36.743135 139.81622
36.743135 139.81622
36.743191667 139.816078333
36.743191667 139.816078333
36.743191667 139.816078333
36.743248333 139.815935
36.743248333 139.815935
36.743248333 139.815935
36.743301667 139.815791667
36.743301667 139.815791667
36.743301667 139.815791667
36.743355 139.81565
36.743355 139.81565
36.743355 139.81565
36.74341 139.815506667
36.74341 139.815506667
36.74341 139.815506667
36.743466667 139.815365
36.743466667 139.815365
36.743466667 139.815365
36.74352 139.81522
36.74352 139.81522
36.74352 139.81522
36.743576667 139.815076667
36.743576667 139.815076667
36.743576667 139.815076667
36.743628333 139.814931667
36.743628333 139.814931667
36.743628333 139.814931667
36.743681667 139.81479
36.743681667 139.81479
36.743681667 139.81479
36.743733333 139.81465
36.743733333 139.81465
36.743733333 139.81465
36.743788333 139.814516667
36.743788333 139.814516667
36.743788333 139.814516667
36.743845 139.814395
36.743845 139.814395
36.743845 139.814395
36.743903333 139.814288333
36.743903333 139.814288333
36.743903333 139.814288333
36.743963333 139.814198333
36.743963333 139.814198333
36.743963333 139.814198333
36.744021667 139.814125
36.744021667 139.814125
36.744021667 139.814125
36.744083333 139.81407
36.744083333 139.81407
36.744083333 139.81407
36.74415 139.814036667
36.74415 139.814036667
36.74415 139.814036667
36.744213333 139.81401
36.744213333 139.81401
36.744213333 139.81401
36.744275 139.813988333
36.744275 139.813988333
36.744275 139.813988333
36.744333333 139.813971667
36.744333333 139.813971667
36.744333333 139.813971667
36.74439 139.813958333
36.74439 139.813958333
36.74439 139.813958333
36.744445 139.813943333
36.744445 139.813943333
36.744445 139.813943333
36.744498333 139.813925
36.744498333 139.813925
36.744498333 139.813925
36.744548333 139.813901667
36.744548333 139.813901667
36.744548333 139.813901667
36.744596667 139.813873333
36.744596667 139.813873333
36.744596667 139.813873333
36.74464 139.813835
36.74464 139.813835
36.74464 139.813835
36.744675 139.813788333
36.744675 139.813788333
36.744675 139.813788333
36.7447 139.813733333
36.7447 139.813733333
36.7447 139.813733333
36.744713333 139.813675
36.744713333 139.813675
36.744713333 139.813675
36.744713333 139.813618333
36.744713333 139.813618333
36.744713333 139.813618333
36.744693333 139.813561667
36.744693333 139.813561667
36.744693333 139.813561667
36.744665 139.81351
36.744665 139.81351
36.744665 139.81351
36.744621667 139.813475
36.744621667 139.813475
36.744621667 139.813475
36.744573333 139.813453333
36.744573333 139.813453333
36.744573333 139.813453333
36.74452 139.81345
36.74452 139.81345
36.74452 139.81345
36.74447 139.813466667
36.74447 139.813466667
36.74447 139.813466667
36.74442 139.813496667
36.74442 139.813496667
36.74442 139.813496667
36.744373333 139.813536667
36.744373333 139.813536667
36.744373333 139.813536667
36.744331667 139.81358
36.744331667 139.81358
36.744331667 139.81358
36.744291667 139.813625
36.744291667 139.813625
36.744291667 139.813625
36.74425 139.813673333
36.74425 139.813673333
36.74425 139.813673333
36.74421 139.813723333
36.74421 139.813723333
36.74421 139.813723333
36.744171667 139.813776667
36.744171667 139.813776667
36.744171667 139.813776667
36.744135 139.813833333
36.744135 139.813833333
36.744135 139.813833333
36.7441 139.813891667
36.7441 139.813891667
36.7441 139.813891667
36.744066667 139.81395
36.744066667 139.81395
36.744066667 139.81395
36.744035 139.81401
36.744035 139.81401
36.744035 139.81401
36.743993333 139.814081667
36.743993333 139.814081667
36.743993333 139.814081667
36.743965 139.814153333
36.743965 139.814153333
36.743965 139.814153333
36.743938333 139.814221667
36.743938333 139.814221667
36.743938333 139.814221667
36.743911667 139.81429
36.743911667 139.81429
36.743911667 139.81429
36.743886667 139.814358333
36.743886667 139.814358333
36.743886667 139.814358333
36.74386 139.814425
36.74386 139.814425
36.74386 139.814425
36.743833333 139.814493333
36.743833333 139.814493333
36.743833333 139.814493333
36.743805 139.81456
36.743805 139.81456
36.743805 139.81456
36.743776667 139.81463
36.743776667 139.81463
36.743776667 139.81463
36.74375 139.8147
36.74375 139.8147
36.74375 139.8147
36.743725 139.81477
36.743725 139.81477
36.743725 139.81477
36.7437 139.81484
36.7437 139.81484
36.7437 139.81484
36.743675 139.81491
36.743675 139.81491
36.743675 139.81491
36.743648333 139.81498
36.743648333 139.81498
36.743648333 139.81498
36.743621667 139.815048333
36.743621667 139.815048333
36.743621667 139.815048333
36.743595 139.815118333
36.743595 139.815118333
36.743595 139.815118333
36.74357 139.815188333
36.74357 139.815188333
36.74357 139.815188333
36.743545 139.815256667
36.743545 139.815256667
36.743545 139.815256667
36.743518333 139.815325
36.743518333 139.815325
36.743518333 139.815325
36.743493333 139.815393333
36.743493333 139.815393333
36.743493333 139.815393333
36.743466667 139.815463333
36.743466667 139.815463333
36.743466667 139.815463333
36.743441667 139.81553
36.743441667 139.81553
36.743441667 139.81553
36.743416667 139.8156
36.743416667 139.8156
36.743416667 139.8156
36.743391667 139.815666667
36.743391667 139.815666667
36.743391667 139.815666667
36.743366667 139.815735
36.743366667 139.815735
36.743366667 139.815735
36.74334 139.815801667
36.74334 139.815801667
36.74334 139.815801667
36.743315 139.815868333
36.743315 139.815868333
36.743315 139.815868333
36.743288333 139.815933333
36.743288333 139.815933333
36.743288333 139.815933333
36.743263333 139.815998333
36.743263333 139.815998333
36.743263333 139.815998333
36.743238333 139.816065
36.743238333 139.816065
36.743238333 139.816065
36.743215 139.816128333
36.743215 139.816128333
36.743215 139.816128333
36.74319 139.816193333
36.74319 139.816193333
36.74319 139.816193333
36.743166667 139.816256667
36.743166667 139.816256667
36.743166667 139.816256667
36.743141667 139.816316667
36.743141667 139.816316667
36.743141667 139.816316667
36.743118333 139.81638
36.743118333 139.81638
36.743118333 139.81638
36.743093333 139.81644
36.743093333 139.81644
36.743093333 139.81644
36.74307 139.816501667
36.74307 139.816501667
36.74307 139.816501667
36.743046667 139.816563333
36.743046667 139.816563333
36.743046667 139.816563333
36.743023333 139.816625
36.743023333 139.816625
36.743023333 139.816625
36.742998333 139.816685
36.742998333 139.816685
36.742998333 139.816685
36.742973333 139.816748333
36.742973333 139.816748333
36.742973333 139.816748333
36.742948333 139.816813333
36.742948333 139.816813333
36.742948333 139.816813333
36.74292 139.816881667
36.74292 139.816881667
36.74292 139.816881667
36.742891667 139.816951667
36.742891667 139.816951667
36.742891667 139.816951667
36.742863333 139.817023333
36.742863333 139.817023333
36.742863333 139.817023333
36.742835 139.817095
36.742835 139.817095
36.742835 139.817095
36.742806667 139.817168333
36.742806667 139.817168333
36.742806667 139.817168333
36.742776667 139.817241667
36.742776667 139.817241667
36.742776667 139.817241667
36.742748333 139.817315
36.742748333 139.817315
36.742748333 139.817315
36.742718333 139.81739
36.742718333 139.81739
36.742718333 139.81739
36.74269 139.817465
36.74269 139.817465
36.74269 139.817465
36.742661667 139.817543333
36.742661667 139.817543333
36.742661667 139.817543333
36.74263 139.817623333
36.74263 139.817623333
36.74263 139.817623333
36.742598333 139.817711667
36.742598333 139.817711667
36.742598333 139.817711667
36.742561667 139.817808333
36.742561667 139.817808333
36.742561667 139.817808333
36.742521667 139.817918333
36.742521667 139.817918333
36.742521667 139.817918333
36.742476667 139.818038333
36.742476667 139.818038333
36.742476667 139.818038333
36.742426667 139.818171667
36.742426667 139.818171667
36.742426667 139.818171667
36.742373333 139.818313333
36.742373333 139.818313333
36.742373333 139.818313333
36.742318333 139.81846
36.742318333 139.81846
36.742318333 139.81846
36.74226 139.818611667
36.74226 139.818611667
36.74226 139.818611667
36.7422 139.818768333
36.7422 139.818768333
36.7422 139.818768333
36.74214 139.818928333
36.74214 139.818928333
36.74214 139.818928333
36.742076667 139.819091667
36.742076667 139.819091667
36.742076667 139.819091667
36.742015 139.819255
36.742015 139.819255
36.742015 139.819255
36.741951667 139.81942
36.741951667 139.81942
36.741951667 139.81942
36.741888333 139.819588333
36.741888333 139.819588333
36.741888333 139.819588333
36.741821667 139.81976
36.741821667 139.81976
36.741821667 139.81976
36.741756667 139.819935
36.741756667 139.819935
36.741756667 139.819935
36.741688333 139.820113333
36.741688333 139.820113333
36.741688333 139.820113333
36.741621667 139.820291667
36.741621667 139.820291667
36.741621667 139.820291667
36.741555 139.82047
36.741555 139.82047
36.741555 139.82047
36.741488333 139.820646667
36.741488333 139.820646667
36.741488333 139.820646667
36.741421667 139.820821667
36.741421667 139.820821667
36.741421667 139.820821667
36.741356667 139.820996667
36.741356667 139.820996667
36.741356667 139.820996667
36.741291667 139.821171667
36.741291667 139.821171667
36.741291667 139.821171667
36.741226667 139.821345
36.741226667 139.821345
36.741226667 139.821345
36.741163333 139.821511667
36.741163333 139.821511667
36.741163333 139.821511667
36.7411 139.821671667
36.7411 139.821671667
36.7411 139.821671667
36.741041667 139.821818333
36.741041667 139.821818333
36.741041667 139.821818333
36.740988333 139.821951667
36.740988333 139.821951667
36.740988333 139.821951667
36.74094 139.82207
36.74094 139.82207
36.74094 139.82207
36.740896667 139.822171667
36.740896667 139.822171667
36.740896667 139.822171667
36.74086 139.822258333
36.74086 139.822258333
36.74086 139.822258333
36.740831667 139.822331667
36.740831667 139.822331667
36.740831667 139.822331667
36.740811667 139.822388333
36.740811667 139.822388333
36.740811667 139.822388333
36.740803333 139.822436667
36.740803333 139.822436667
36.740803333 139.822436667
36.740813333 139.822468333
36.740813333 139.822468333
36.740813333 139.822468333
36.740833333 139.822483333
36.740833333 139.822483333
36.740833333 139.822483333
36.74086 139.822486667
36.74086 139.822486667
36.74086 139.822486667
36.740886667 139.822476667
36.740886667 139.822476667
36.740886667 139.822476667
36.740908333 139.822458333
36.740908333 139.822458333
36.740908333 139.822458333
36.740925 139.822431667
36.740925 139.822431667
36.740925 139.822431667
36.740935 139.822396667
36.740935 139.822396667
36.740935 139.822396667
36.740943333 139.822358333
36.740943333 139.822358333
36.740943333 139.822358333
36.740953333 139.82232
36.740953333 139.82232
36.740953333 139.82232
36.740966667 139.822281667
36.740966667 139.822281667
36.740966667 139.822281667
36.74098 139.822246667
36.74098 139.822246667
36.74098 139.822246667
36.740991667 139.82222
36.740991667 139.82222
36.740991667 139.82222
36.740996667 139.8222
36.740996667 139.8222
36.740996667 139.8222
36.740998333 139.822188333
36.740998333 139.822188333
36.740998333 139.822188333
36.740996667 139.822183333
36.740996667 139.822183333
36.740996667 139.822183333
36.740995 139.822181667
36.740995 139.822181667
36.740995 139.822181667
36.740993333 139.82218
36.740993333 139.82218
36.740993333 139.82218
36.740991667 139.82218
36.740991667 139.82218
36.740991667 139.82218
36.74099 139.822175
36.74099 139.822175
36.74099 139.822175
36.74099 139.822175
36.74099 139.822175
36.74099 139.822175
36.740991667 139.822163333
36.740991667 139.822163333
36.740991667 139.822163333
36.74099 139.822133333
36.74099 139.822133333
36.74099 139.822133333
36.740998333 139.822096667
36.740998333 139.822096667
36.740998333 139.822096667
36.741006667 139.822055
36.741006667 139.822055
36.741006667 139.822055
36.74102 139.82202
36.74102 139.82202
36.74102 139.82202
36.741031667 139.821988333
36.741031667 139.821988333
36.741031667 139.821988333
36.74104 139.821965
36.74104 139.821965
36.74104 139.821965
36.741045 139.82195
36.741045 139.82195
36.741045 139.82195
36.741045 139.821943333
36.741045 139.821943333
36.741045 139.821943333
36.741043333 139.82194
36.741043333 139.82194
36.741043333 139.82194
36.74104 139.821935
36.74104 139.821935
36.74104 139.821935
36.741038333 139.821931667
36.741038333 139.821931667
36.741038333 139.821931667
36.741038333 139.82193
36.741038333 139.82193
36.741038333 139.82193
36.741036667 139.82193
36.741036667 139.82193
36.741036667 139.82193
36.741036667 139.82193
36.741036667 139.82193
36.741036667 139.82193
36.741036667 139.821928333
36.741036667 139.821928333
36.741036667 139.821928333
36.741036667 139.821928333
36.741036667 139.821928333
36.741036667 139.821928333
36.741036667 139.821928333
36.741036667 139.821928333
36.741036667 139.821928333
36.741036667 139.821928333
36.741036667 139.821928333
36.741036667 139.821928333
36.741036667 139.821928333
36.741036667 139.821928333
36.741036667 139.821928333
36.741036667 139.821928333
36.741036667 139.821928333
36.741036667 139.821928333
36.741036667 139.821928333
36.741036667 139.821928333
36.741036667 139.821928333
36.741036667 139.821928333
36.741036667 139.821928333
36.741036667 139.821928333
36.741038333 139.821928333
36.741038333 139.821928333
36.741038333 139.821928333
36.741038333 139.821928333
36.741038333 139.821928333
36.741038333 139.821928333
36.741038333 139.82193
36.741038333 139.82193
36.741038333 139.82193
36.74104 139.82193
36.74104 139.82193
36.74104 139.82193
36.74104 139.82193
36.74104 139.82193
36.74104 139.82193
36.74104 139.821928333
36.74104 139.821928333
36.74104 139.821928333
36.741038333 139.821926667
36.741038333 139.821926667
36.741038333 139.821926667
36.741038333 139.821925
36.741038333 139.821925
36.741038333 139.821925
36.741038333 139.821925
36.741038333 139.821925
36.741038333 139.821925
36.741036667 139.821923333
36.741036667 139.821923333
36.741036667 139.821923333
36.741036667 139.821923333
36.741036667 139.821923333
36.741036667 139.821923333
36.741035 139.821921667
36.741035 139.821921667
36.741035 139.821921667
36.741035 139.821921667
36.741035 139.821921667
36.741035 139.821921667
36.741033333 139.82192
36.741033333 139.82192
36.741033333 139.82192
36.741033333 139.821918333
36.741033333 139.821918333
36.741033333 139.821918333
36.741033333 139.821918333
36.741033333 139.821918333
36.741033333 139.821918333
36.741033333 139.821918333
36.741033333 139.821918333
36.741033333 139.821918333
36.741033333 139.821916667
36.741033333 139.821916667
36.741033333 139.821916667
36.741033333 139.821916667
36.741033333 139.821916667
36.741033333 139.821916667
36.741033333 139.821916667
36.741033333 139.821916667
36.741033333 139.821916667
36.741031667 139.821916667
36.741031667 139.821916667
36.741031667 139.821916667
36.741031667 139.821916667
36.741031667 139.821916667
36.741031667 139.821916667
36.741031667 139.821916667
36.741031667 139.821916667
36.741031667 139.821916667
36.741033333 139.821915
36.741033333 139.821915
36.741033333 139.821915
36.741033333 139.821913333
36.741033333 139.821913333
36.741033333 139.821913333
36.741033333 139.821913333
36.741033333 139.821913333
36.741033333 139.821913333
36.741035 139.821911667
36.741035 139.821911667
36.741035 139.821911667
36.741035 139.821911667
36.741035 139.821911667
36.741035 139.821911667
36.741035 139.82191
36.741035 139.82191
36.741035 139.82191
36.741035 139.82191
36.741035 139.82191
36.741035 139.82191
36.741035 139.82191
36.741035 139.82191
36.741035 139.82191
36.741033333 139.82191
36.741033333 139.82191
36.741033333 139.82191
36.741033333 139.82191
36.741033333 139.82191
36.741033333 139.82191
36.741033333 139.821908333
36.741033333 139.821908333
36.741033333 139.821908333
36.741033333 139.82191
36.741033333 139.82191
36.741033333 139.82191
36.741033333 139.82191
36.741033333 139.82191
36.741033333 139.82191
36.741033333 139.82191
36.741033333 139.82191
36.741033333 139.82191
36.741033333 139.821911667
36.741033333 139.821911667
36.741033333 139.821911667
36.741033333 139.821911667
36.741033333 139.821911667
36.741033333 139.821911667
36.741033333 139.821911667
36.741033333 139.821911667
36.741033333 139.821911667
36.741033333 139.821911667
36.741033333 139.821911667
36.741033333 139.821911667
36.741033333 139.821911667
36.741033333 139.821911667
36.741033333 139.821911667
36.741031667 139.821911667
36.741031667 139.821911667
36.741031667 139.821911667
36.741031667 139.821911667
36.741031667 139.821911667
36.741031667 139.821911667
36.74103 139.821913333
36.74103 139.821913333
36.74103 139.821913333
36.74103 139.821913333
36.74103 139.821913333
36.74103 139.821913333
36.74103 139.821911667
36.74103 139.821911667
36.74103 139.821911667
36.741038333 139.8219
36.741038333 139.8219
36.741038333 139.8219
36.74105 139.821883333
36.74105 139.821883333
36.74105 139.821883333
36.741061667 139.82186
36.741061667 139.82186
36.741061667 139.82186
36.741078333 139.821826667
36.741078333 139.821826667
36.741078333 139.821826667
36.741093333 139.821788333
36.741093333 139.821788333
36.741093333 139.821788333
36.741108333 139.821745
36.741108333 139.821745
36.741108333 139.821745
36.741126667 139.8217
36.741126667 139.8217
36.741126667 139.8217
36.741145 139.821651667
36.741145 139.821651667
36.741145 139.821651667
36.741166667 139.8216
36.741166667 139.8216
36.741166667 139.8216
36.741188333 139.821546667
36.741188333 139.821546667
36.741188333 139.821546667
36.741211667 139.821486667
36.741211667 139.821486667
36.741211667 139.821486667
36.741235 139.821426667
36.741235 139.821426667
36.741235 139.821426667
36.741256667 139.821366667
36.741256667 139.821366667
36.741256667 139.821366667
36.741276667 139.821305
36.741276667 139.821305
36.741276667 139.821305
36.7413 139.821241667
36.7413 139.821241667
36.7413 139.821241667
36.741323333 139.821178333
36.741323333 139.821178333
36.741323333 139.821178333
36.741345 139.821111667
36.741345 139.821111667
36.741345 139.821111667
36.74137 139.821043333
36.74137 139.821043333
36.74137 139.821043333
36.741395 139.820978333
36.741395 139.820978333
36.741395 139.820978333
36.741418333 139.820913333
36.741418333 139.820913333
36.741418333 139.820913333
36.741443333 139.820846667
36.741443333 139.820846667
36.741443333 139.820846667
36.741468333 139.820781667
36.741468333 139.820781667
36.741468333 139.820781667
36.741491667 139.820713333
36.741491667 139.820713333
36.741491667 139.820713333
36.741516667 139.820641667
36.741516667 139.820641667
36.741516667 139.820641667
36.741541667 139.820566667
36.741541667 139.820566667
36.741541667 139.820566667
36.74157 139.820485
36.74157 139.820485
36.74157 139.820485
36.7416 139.820398333
36.7416 139.820398333
36.7416 139.820398333
36.741631667 139.82031
36.741631667 139.82031
36.741631667 139.82031
36.741663333 139.82022
36.741663333 139.82022
36.741663333 139.82022
36.741695 139.82013
36.741695 139.82013
36.741695 139.82013
36.741726667 139.820043333
36.741726667 139.820043333
36.741726667 139.820043333
36.741755 139.819953333
36.741755 139.819953333
36.741755 139.819953333
36.741786667 139.819866667
36.741786667 139.819866667
36.741786667 139.819866667
36.741818333 139.819778333
36.741818333 139.819778333
36.741818333 139.819778333
36.741855 139.819683333
36.741855 139.819683333
36.741855 139.819683333
36.741888333 139.819593333
36.741888333 139.819593333
36.741888333 139.819593333
36.741921667 139.819508333
36.741921667 139.819508333
36.741921667 139.819508333
36.741955 139.819421667
36.741955 139.819421667
36.741955 139.819421667
36.741985 139.819328333
36.741985 139.819328333
36.741985 139.819328333
36.742021667 139.819235
36.742021667 139.819235
36.742021667 139.819235
36.742061667 139.819133333
36.742061667 139.819133333
36.742061667 139.819133333
36.742101667 139.819025
36.742101667 139.819025
36.742101667 139.819025
36.742145 139.818915
36.742145 139.818915
36.742145 139.818915
36.74219 139.818801667
36.74219 139.818801667
36.74219 139.818801667
36.742233333 139.818686667
36.742233333 139.818686667
36.742233333 139.818686667
36.742278333 139.818571667
36.742278333 139.818571667
36.742278333 139.818571667
36.742321667 139.818456667
36.742321667 139.818456667
36.742321667 139.818456667
36.742363333 139.818338333
36.742363333 139.818338333
36.742363333 139.818338333
36.742408333 139.818223333
36.742408333 139.818223333
36.742408333 139.818223333
36.742451667 139.818105
36.742451667 139.818105
36.742451667 139.818105
36.742493333 139.817986667
36.742493333 139.817986667
36.742493333 139.817986667
36.742536667 139.817868333
36.742536667 139.817868333
36.742536667 139.817868333
36.742578333 139.81775
36.742578333 139.81775
36.742578333 139.81775
36.742621667 139.817633333
36.742621667 139.817633333
36.742621667 139.817633333
36.742666667 139.817515
36.742666667 139.817515
36.742666667 139.817515
36.742711667 139.817393333
36.742711667 139.817393333
36.742711667 139.817393333
36.742756667 139.817266667
36.742756667 139.817266667
36.742756667 139.817266667
36.742805 139.817136667
36.742805 139.817136667
36.742805 139.817136667
36.742858333 139.817005
36.742858333 139.817005
36.742858333 139.817005
36.742911667 139.816866667
36.742911667 139.816866667
36.742911667 139.816866667
36.742968333 139.816723333
36.742968333 139.816723333
36.742968333 139.816723333
36.743023333 139.81658
36.743023333 139.81658
36.743023333 139.81658
36.743076667 139.816433333
36.743076667 139.816433333
36.743076667 139.816433333
36.743131667 139.816291667
36.743131667 139.816291667
36.743131667 139.816291667
36.743186667 139.816148333
36.743186667 139.816148333
36.743186667 139.816148333
36.743241667 139.816003333
36.743241667 139.816003333
36.743241667 139.816003333
36.743296667 139.81586
36.743296667 139.81586
36.743296667 139.81586
36.74335 139.815715
36.74335 139.815715
36.74335 139.815715
36.743401667 139.815573333
36.743401667 139.815573333
36.743401667 139.815573333
36.743455 139.815436667
36.743455 139.815436667
36.743455 139.815436667
36.743506667 139.815306667
36.743506667 139.815306667
36.743506667 139.815306667
36.743553333 139.815183333
36.743553333 139.815183333
36.743553333 139.815183333
36.743596667 139.815065
36.743596667 139.815065
36.743596667 139.815065
36.743635 139.814948333
36.743635 139.814948333
36.743635 139.814948333
36.743673333 139.814836667
36.743673333 139.814836667
36.743673333 139.814836667
36.743708333 139.814728333
36.743708333 139.814728333
36.743708333 139.814728333
36.743743333 139.814625
36.743743333 139.814625
36.743743333 139.814625
36.743776667 139.814528333
36.743776667 139.814528333
36.743776667 139.814528333
36.743808333 139.814436667
36.743808333 139.814436667
36.743808333 139.814436667
36.743836667 139.814348333
36.743836667 139.814348333
36.743836667 139.814348333
36.743865 139.814263333
36.743865 139.814263333
36.743865 139.814263333
36.7439 139.81418
36.7439 139.81418
36.7439 139.81418
36.74393 139.814091667
36.74393 139.814091667
36.74393 139.814091667
36.74396 139.814006667
36.74396 139.814006667
36.74396 139.814006667
36.743991667 139.813918333
36.743991667 139.813918333
36.743991667 139.813918333
36.744021667 139.813831667
36.744021667 139.813831667
36.744021667 139.813831667
36.744053333 139.81375
36.744053333 139.81375
36.744053333 139.81375
36.744085 139.813673333
36.744085 139.813673333
36.744085 139.813673333
36.744115 139.813595
36.744115 139.813595
36.744115 139.813595
36.744151667 139.813518333
36.744151667 139.813518333
36.744151667 139.813518333
36.744193333 139.813448333
36.744193333 139.813448333
36.744193333 139.813448333
36.744238333 139.813386667
36.744238333 139.813386667
36.744238333 139.813386667
36.74429 139.813336667
36.74429 139.813336667
36.74429 139.813336667
36.744343333 139.813293333
36.744343333 139.813293333
36.744343333 139.813293333
36.744401667 139.813263333
36.744401667 139.813263333
36.744401667 139.813263333
36.744468333 139.813251667
36.744468333 139.813251667
36.744468333 139.813251667
36.744536667 139.813253333
36.744536667 139.813253333
36.744536667 139.813253333
36.744598333 139.813263333
36.744598333 139.813263333
36.744598333 139.813263333
36.744656667 139.813286667
36.744656667 139.813286667
36.744656667 139.813286667
36.74471 139.813321667
36.74471 139.813321667
36.74471 139.813321667
36.744755 139.813365
36.744755 139.813365
36.744755 139.813365
36.744788333 139.813416667
36.744788333 139.813416667
36.744788333 139.813416667
36.744811667 139.813468333
36.744811667 139.813468333
36.744811667 139.813468333
36.74483 139.813523333
36.74483 139.813523333
36.74483 139.813523333
36.744841667 139.813583333
36.744841667 139.813583333
36.744841667 139.813583333
36.744846667 139.813651667
36.744846667 139.813651667
36.744846667 139.813651667
36.74484 139.81372
36.74484 139.81372
36.74484 139.81372
36.74482 139.813785
36.74482 139.813785
36.74482 139.813785
36.74479 139.813845
36.74479 139.813845
36.74479 139.813845
36.744748333 139.813896667
36.744748333 139.813896667
36.744748333 139.813896667
36.744696667 139.813941667
36.744696667 139.813941667
36.744696667 139.813941667
36.74463 139.813993333
36.74463 139.813993333
36.74463 139.813993333
36.744568333 139.814028333
36.744568333 139.814028333
36.744568333 139.814028333
36.744508333 139.814061667
36.744508333 139.814061667
36.744508333 139.814061667
36.744446667 139.81409
36.744446667 139.81409
36.744446667 139.81409
36.744381667 139.814115
36.744381667 139.814115
36.744381667 139.814115
36.744318333 139.814138333
36.744318333 139.814138333
36.744318333 139.814138333
36.744253333 139.814163333
36.744253333 139.814163333
36.744253333 139.814163333
36.744188333 139.814193333
36.744188333 139.814193333
36.744188333 139.814193333
36.744123333 139.814228333
36.744123333 139.814228333
36.744123333 139.814228333
36.744058333 139.814265
36.744058333 139.814265
36.744058333 139.814265
36.743993333 139.81431
36.743993333 139.81431
36.743993333 139.81431
36.743933333 139.814361667
36.743933333 139.814361667
36.743933333 139.814361667
36.743875 139.81442
36.743875 139.81442
36.743875 139.81442
36.743818333 139.814483333
36.743818333 139.814483333
36.743818333 139.814483333
36.74377 139.81456
36.74377 139.81456
36.74377 139.81456
36.743728333 139.814646667
36.743728333 139.814646667
36.743728333 139.814646667
36.743691667 139.81474
36.743691667 139.81474
36.743691667 139.81474
36.743663333 139.81484
36.743663333 139.81484
36.743663333 139.81484
36.743631667 139.814943333
36.743631667 139.814943333
36.743631667 139.814943333
36.743595 139.815051667
36.743595 139.815051667
36.743595 139.815051667
36.743551667 139.815161667
36.743551667 139.815161667
36.743551667 139.815161667
36.743508333 139.815281667
36.743508333 139.815281667
36.743508333 139.815281667
36.743461667 139.81541
36.743461667 139.81541
36.743461667 139.81541
36.743411667 139.815545
36.743411667 139.815545
36.743411667 139.815545
36.743358333 139.815688333
36.743358333 139.815688333
36.743358333 139.815688333
36.743303333 139.815835
36.743303333 139.815835
36.743303333 139.815835
36.743246667 139.815983333
36.743246667 139.815983333
36.743246667 139.815983333
36.743188333 139.816138333
36.743188333 139.816138333
36.743188333 139.816138333
36.743128333 139.816298333
36.743128333 139.816298333
36.743128333 139.816298333
36.743065 139.816463333
36.743065 139.816463333
36.743065 139.816463333
36.743 139.816633333
36.743 139.816633333
36.743 139.816633333
36.742935 139.816806667
36.742935 139.816806667
36.742935 139.816806667
36.74287 139.816983333
36.74287 139.816983333
36.74287 139.816983333
36.742803333 139.817161667
36.742803333 139.817161667
36.742803333 139.817161667
36.742736667 139.817343333
36.742736667 139.817343333
36.742736667 139.817343333
36.74267 139.817525
36.74267 139.817525
36.74267 139.817525
36.742603333 139.817703333
36.742603333 139.817703333
36.742603333 139.817703333
36.742536667 139.817881667
36.742536667 139.817881667
36.742536667 139.817881667
36.74247 139.81806
36.74247 139.81806
36.74247 139.81806
36.742405 139.818238333
36.742405 139.818238333
36.742405 139.818238333
36.742338333 139.818416667
36.742338333 139.818416667
36.742338333 139.818416667
36.742273333 139.818593333
36.742273333 139.818593333
36.742273333 139.818593333
36.742208333 139.81877
36.742208333 139.81877
36.742208333 139.81877
36.742143333 139.818945
36.742143333 139.818945
36.742143333 139.818945
36.74208 139.819118333
36.74208 139.819118333
36.74208 139.819118333
36.742015 139.81929
36.742015 139.81929
36.742015 139.81929
36.741951667 139.81946
36.741951667 139.81946
36.741951667 139.81946
36.741886667 139.81963
36.741886667 139.81963
36.741886667 139.81963
36.741823333 139.819798333
36.741823333 139.819798333
36.741823333 139.819798333
36.74176 139.819966667
36.74176 139.819966667
36.74176 139.819966667
36.741698333 139.820133333
36.741698333 139.820133333
36.741698333 139.820133333
36.741635 139.820298333
36.741635 139.820298333
36.741635 139.820298333
36.741573333 139.820461667
36.741573333 139.820461667
36.741573333 139.820461667
36.741515 139.820618333
36.741515 139.820618333
36.741515 139.820618333
36.741458333 139.820765
36.741458333 139.820765
36.741458333 139.820765
36.741405 139.820905
36.741405 139.820905
36.741405 139.820905
36.741355 139.821035
36.741355 139.821035
36.741355 139.821035
36.741308333 139.821156667
36.741308333 139.821156667
36.741308333 139.821156667
36.741265 139.821268333
36.741265 139.821268333
36.741265 139.821268333
36.741225 139.821368333
36.741225 139.821368333
36.741225 139.821368333
36.74119 139.82146
36.74119 139.82146
36.74119 139.82146
36.741158333 139.821541667
36.741158333 139.821541667
36.741158333 139.821541667
36.741131667 139.821608333
36.741131667 139.821608333
36.741131667 139.821608333
36.741106667 139.821671667
36.741106667 139.821671667
36.741106667 139.821671667
36.741081667 139.82173
36.741081667 139.82173
36.741081667 139.82173
36.741058333 139.821785
36.741058333 139.821785
36.741058333 139.821785
36.741038333 139.821838333
36.741038333 139.821838333
36.741038333 139.821838333
36.741018333 139.821886667
36.741018333 139.821886667
36.741018333 139.821886667
36.741 139.821933333
36.741 139.821933333
36.741 139.821933333
36.740983333 139.821975
36.740983333 139.821975
36.740983333 139.821975
36.74097 139.822015
36.74097 139.822015
36.74097 139.822015
36.740955 139.822051667
36.740955 139.822051667
36.740955 139.822051667
36.740941667 139.822085
36.740941667 139.822085
36.740941667 139.822085
36.740928333 139.822116667
36.740928333 139.822116667
36.740928333 139.822116667
36.740916667 139.822146667
36.740916667 139.822146667
36.740916667 139.822146667
36.740906667 139.822175
36.740906667 139.822175
36.740906667 139.822175
36.740898333 139.822201667
36.740898333 139.822201667
36.740898333 139.822201667
36.74089 139.822223333
36.74089 139.822223333
36.74089 139.822223333
36.740883333 139.822243333
36.740883333 139.822243333
36.740883333 139.822243333
36.740875 139.822261667
36.740875 139.822261667
36.740875 139.822261667
36.740866667 139.82228
36.740866667 139.82228
36.740866667 139.82228
36.74086 139.822298333
36.74086 139.822298333
36.74086 139.822298333
36.740851667 139.822318333
36.740851667 139.822318333
36.740851667 139.822318333
36.740843333 139.822336667
36.740843333 139.822336667
36.740843333 139.822336667
36.740835 139.822355
36.740835 139.822355
36.740835 139.822355
36.740828333 139.822375
36.740828333 139.822375
36.740828333 139.822375
36.74082 139.822395
36.74082 139.822395
36.74082 139.822395
36.740815 139.822418333
36.740815 139.822418333
36.740815 139.822418333
36.740811667 139.822441667
36.740811667 139.822441667
36.740811667 139.822441667
36.740816667 139.822466667
36.740816667 139.822466667
36.740816667 139.822466667
36.740825 139.822491667
36.740825 139.822491667
36.740825 139.822491667
36.740841667 139.822511667
36.740841667 139.822511667
36.740841667 139.822511667
36.74086 139.822528333
36.74086 139.822528333
36.74086 139.822528333
36.740881667 139.822535
36.740881667 139.822535
36.740881667 139.822535
36.740905 139.822541667
36.740905 139.822541667
36.740905 139.822541667
36.740931667 139.822545
36.740931667 139.822545
36.740931667 139.822545
36.740955 139.822543333
36.740955 139.822543333
36.740955 139.822543333
36.74098 139.822531667
36.74098 139.822531667
36.74098 139.822531667
36.740998333 139.822513333
36.740998333 139.822513333
36.740998333 139.822513333
36.741015 139.822488333
36.741015 139.822488333
36.741015 139.822488333
36.741031667 139.822458333
36.741031667 139.822458333
36.741031667 139.822458333
36.741045 139.822425
36.741045 139.822425
36.741045 139.822425
36.741058333 139.822383333
36.741058333 139.822383333
36.741058333 139.822383333
36.74107 139.822338333
36.74107 139.822338333
36.74107 139.822338333
36.741083333 139.822293333
36.741083333 139.822293333
36.741083333 139.822293333
36.741096667 139.822246667
36.741096667 139.822246667
36.741096667 139.822246667
36.741113333 139.822201667
36.741113333 139.822201667
36.741113333 139.822201667
36.74113 139.822161667
36.74113 139.822161667
36.74113 139.822161667
36.74115 139.822126667
36.74115 139.822126667
36.74115 139.822126667
36.741175 139.822101667
36.741175 139.822101667
36.741175 139.822101667
36.741203333 139.822095
36.741203333 139.822095
36.741203333 139.822095
36.741233333 139.822096667
36.741233333 139.822096667
36.741233333 139.822096667
36.74126 139.822106667
36.74126 139.822106667
36.74126 139.822106667
36.741283333 139.822121667
36.741283333 139.822121667
36.741283333 139.822121667
36.741306667 139.822141667
36.741306667 139.822141667
36.741306667 139.822141667
36.74133 139.822166667
36.74133 139.822166667
36.74133 139.822166667
36.741346667 139.822193333
36.741346667 139.822193333
36.741346667 139.822193333
36.74136 139.822221667
36.74136 139.822221667
36.74136 139.822221667
36.74137 139.822255
36.74137 139.822255
36.74137 139.822255
36.741381667 139.82229
36.741381667 139.82229
36.741381667 139.82229
36.741396667 139.822316667
36.741396667 139.822316667
36.741396667 139.822316667
36.741421667 139.822326667
36.741421667 139.822326667
36.741421667 139.822326667
36.74145 139.822316667
36.74145 139.822316667
36.74145 139.822316667
36.74147 139.82229
36.74147 139.82229
36.74147 139.82229
36.741486667 139.82226
36.741486667 139.82226
36.741486667 139.82226
36.741496667 139.82223
36.741496667 139.82223
36.741496667 139.82223
36.741483333 139.8222
36.741483333 139.8222
36.741483333 139.8222
36.74146 139.822176667
36.74146 139.822176667
36.74146 139.822176667
36.741431667 139.822158333
36.741431667 139.822158333
36.741431667 139.822158333
36.741408333 139.822141667
36.741408333 139.822141667
36.741408333 139.822141667
36.741388333 139.822125
36.741388333 139.822125
36.741388333 139.822125
36.741375 139.822115
36.741375 139.822115
36.741375 139.822115
36.741366667 139.822108333
36.741366667 139.822108333
36.741366667 139.822108333
36.741368333 139.822103333
36.741368333 139.822103333
36.741368333 139.822103333
36.741366667 139.822106667
36.741366667 139.822106667
36.741366667 139.822106667
36.741365 139.822108333
36.741365 139.822108333
36.741365 139.822108333
36.741365 139.82211
36.741365 139.82211
36.741365 139.82211
36.741365 139.822111667
36.741365 139.822111667
36.741365 139.822111667
36.741365 139.822111667
36.741365 139.822111667
36.741365 139.822111667
36.741365 139.822111667
36.741365 139.822111667
36.741365 139.822111667
36.741365 139.822111667
36.741365 139.822111667
36.741365 139.822111667
36.741365 139.822111667
36.741365 139.822111667
36.741365 139.822111667
36.741365 139.822111667
36.741365 139.822111667
36.741365 139.822111667
36.741365 139.822111667
36.741365 139.822111667
36.741365 139.822111667
36.741365 139.822111667
36.741365 139.822111667
