36.74107 139.822346667
36.741058333 139.822375
36.741058333 139.822375
36.741058333 139.822375
36.741046667 139.822401667
36.741046667 139.822401667
36.741046667 139.822401667
36.741036667 139.822426667
36.741036667 139.822426667
36.741036667 139.822426667
36.741026667 139.82245
36.741026667 139.82245
36.741026667 139.82245
36.741015 139.82247
36.741015 139.82247
36.741015 139.82247
36.741003333 139.822491667
36.741003333 139.822491667
36.741003333 139.822491667
36.740988333 139.822505
36.740988333 139.822505
36.740988333 139.822505
36.740968333 139.82251
36.740968333 139.82251
36.740968333 139.82251
36.74095 139.822506667
36.74095 139.822506667
36.74095 139.822506667
36.740931667 139.822501667
36.740931667 139.822501667
36.740931667 139.822501667
36.740915 139.82249
36.740915 139.82249
36.740915 139.82249
36.740898333 139.822475
36.740898333 139.822475
36.740898333 139.822475
36.740881667 139.822448333
36.740881667 139.822448333
36.740881667 139.822448333
36.740873333 139.822421667
36.740873333 139.822421667
36.740873333 139.822421667
36.740871667 139.822391667
36.740871667 139.822391667
36.740871667 139.822391667
36.740876667 139.822358333
36.740876667 139.822358333
36.740876667 139.822358333
36.740881667 139.822321667
36.740881667 139.822321667
36.740881667 139.822321667
36.740893333 139.82229
36.740893333 139.82229
36.740893333 139.82229
36.740901667 139.82226
36.740901667 139.82226
36.740901667 139.82226
36.740908333 139.822235
36.740908333 139.822235
36.740908333 139.822235
36.740916667 139.822213333
36.740916667 139.822213333
36.740916667 139.822213333
36.740918333 139.822201667
36.740918333 139.822201667
36.740918333 139.822201667
36.740921667 139.822196667
36.740921667 139.822196667
36.740921667 139.822196667
36.740921667 139.822196667
36.740921667 139.822196667
36.740921667 139.822196667
36.740921667 139.822198333
36.740921667 139.822198333
36.740921667 139.822198333
36.740918333 139.822198333
36.740918333 139.822198333
36.740918333 139.822198333
36.740916667 139.8222
36.740916667 139.8222
36.740916667 139.8222
36.740915 139.8222
36.740915 139.8222
36.740915 139.8222
36.740915 139.8222
36.740915 139.8222
36.740915 139.8222
36.740915 139.822198333
36.740915 139.822198333
36.740915 139.822198333
36.740915 139.822198333
36.740915 139.822198333
36.740915 139.822198333
36.740913333 139.822198333
36.740913333 139.822198333
36.740913333 139.822198333
36.740913333 139.822198333
36.740913333 139.822198333
36.740913333 139.822198333
36.740913333 139.822198333
36.740913333 139.822198333
36.740913333 139.822198333
36.740913333 139.8222
36.740913333 139.8222
36.740913333 139.8222
36.740913333 139.822196667
36.740913333 139.822196667
36.740913333 139.822196667
36.740918333 139.82218
36.740918333 139.82218
36.740918333 139.82218
36.740926667 139.822153333
36.740926667 139.822153333
36.740926667 139.822153333
36.740936667 139.822116667
36.740936667 139.822116667
36.740936667 139.822116667
36.740951667 139.822068333
36.740951667 139.822068333
36.740951667 139.822068333
36.740971667 139.822013333
36.740971667 139.822013333
36.740971667 139.822013333
36.740991667 139.821951667
36.740991667 139.821951667
36.740991667 139.821951667
36.741013333 139.821888333
36.741013333 139.821888333
36.741013333 139.821888333
36.741033333 139.821821667
36.741033333 139.821821667
36.741033333 139.821821667
36.741058333 139.821768333
36.741058333 139.821768333
36.741058333 139.821768333
36.741081667 139.821708333
36.741081667 139.821708333
36.741081667 139.821708333
36.741111667 139.821636667
36.741111667 139.821636667
36.741111667 139.821636667
36.741138333 139.82157
36.741138333 139.82157
36.741138333 139.82157
36.741165 139.821516667
36.741165 139.821516667
36.741165 139.821516667
36.741191667 139.821458333
36.741191667 139.821458333
36.741191667 139.821458333
36.74122 139.821401667
36.74122 139.821401667
36.74122 139.821401667
36.741248333 139.821333333
36.741248333 139.821333333
36.741248333 139.821333333
36.741276667 139.821263333
36.741276667 139.821263333
36.741276667 139.821263333
36.741305 139.82119
36.741305 139.82119
36.741305 139.82119
36.741336667 139.821115
36.741336667 139.821115
36.741336667 139.821115
36.741365 139.821041667
36.741365 139.821041667
36.741365 139.821041667
36.741393333 139.82097
36.741393333 139.82097
36.741393333 139.82097
36.74142 139.8209
36.74142 139.8209
36.74142 139.8209
36.741446667 139.820826667
36.741446667 139.820826667
36.741446667 139.820826667
36.741476667 139.820751667
36.741476667 139.820751667
36.741476667 139.820751667
36.741508333 139.820676667
36.741508333 139.820676667
36.741508333 139.820676667
36.741545 139.820598333
36.741545 139.820598333
36.741545 139.820598333
36.74158 139.820515
36.74158 139.820515
36.74158 139.820515
36.741616667 139.82043
36.741616667 139.82043
36.741616667 139.82043
36.741653333 139.820341667
36.741653333 139.820341667
36.741653333 139.820341667
36.741688333 139.820253333
36.741688333 139.820253333
36.741688333 139.820253333
36.741723333 139.820168333
36.741723333 139.820168333
36.741723333 139.820168333
36.741756667 139.820081667
36.741756667 139.820081667
36.741756667 139.820081667
36.741788333 139.819993333
36.741788333 139.819993333
36.741788333 139.819993333
36.741818333 139.819901667
36.741818333 139.819901667
36.741818333 139.819901667
36.741848333 139.81981
36.741848333 139.81981
36.741848333 139.81981
36.741878333 139.819718333
36.741878333 139.819718333
36.741878333 139.819718333
36.74191 139.819625
36.74191 139.819625
36.74191 139.819625
36.741941667 139.819531667
36.741941667 139.819531667
36.741941667 139.819531667
36.741973333 139.819438333
36.741973333 139.819438333
36.741973333 139.819438333
36.742005 139.819341667
36.742005 139.819341667
36.742005 139.819341667
36.742036667 139.819241667
36.742036667 139.819241667
36.742036667 139.819241667
36.742073333 139.819136667
36.742073333 139.819136667
36.742073333 139.819136667
36.742108333 139.81903
36.742108333 139.81903
36.742108333 139.81903
36.742143333 139.81892
36.742143333 139.81892
36.742143333 139.81892
36.742183333 139.818805
36.742183333 139.818805
36.742183333 139.818805
36.742228333 139.81869
36.742228333 139.81869
36.742228333 139.81869
36.742273333 139.818575
36.742273333 139.818575
36.742273333 139.818575
36.742315 139.81846
36.742315 139.81846
36.742315 139.81846
36.742358333 139.818343333
36.742358333 139.818343333
36.742358333 139.818343333
36.742403333 139.81823
36.742403333 139.81823
36.742403333 139.81823
36.742445 139.818116667
36.742445 139.818116667
36.742445 139.818116667
36.742488333 139.818003333
36.742488333 139.818003333
36.742488333 139.818003333
36.742531667 139.817886667
36.742531667 139.817886667
36.742531667 139.817886667
36.742573333 139.817771667
36.742573333 139.817771667
36.742573333 139.817771667
36.742616667 139.817655
36.742616667 139.817655
36.742616667 139.817655
36.742658333 139.817545
36.742658333 139.817545
36.742658333 139.817545
36.742705 139.81743
36.742705 139.81743
36.742705 139.81743
36.742748333 139.817311667
36.742748333 139.817311667
36.742748333 139.817311667
36.742791667 139.817188333
36.742791667 139.817188333
36.742791667 139.817188333
36.742838333 139.817058333
36.742838333 139.817058333
36.742838333 139.817058333
36.742886667 139.816923333
36.742886667 139.816923333
36.742886667 139.816923333
36.742936667 139.816786667
36.742936667 139.816786667
36.742936667 139.816786667
36.74299 139.816645
36.74299 139.816645
36.74299 139.816645
36.743043333 139.816503333
36.743043333 139.816503333
36.743043333 139.816503333
36.743096667 139.81636
36.743096667 139.81636
36.743096667 139.81636
36.74315 139.816213333
36.74315 139.816213333
36.74315 139.816213333
36.743203333 139.816066667
36.743203333 139.816066667
36.743203333 139.816066667
36.74326 139.815916667
36.74326 139.815916667
36.74326 139.815916667
36.743316667 139.81577
36.743316667 139.81577
36.743316667 139.81577
36.743373333 139.815626667
36.743373333 139.815626667
36.743373333 139.815626667
36.743428333 139.815481667
36.743428333 139.815481667
36.743428333 139.815481667
36.743483333 139.815336667
36.743483333 139.815336667
36.743483333 139.815336667
36.743536667 139.81519
36.743536667 139.81519
36.743536667 139.81519
36.74359 139.815045
36.74359 139.815045
36.74359 139.815045
36.743643333 139.814901667
36.743643333 139.814901667
36.743643333 139.814901667
36.743696667 139.814765
36.743696667 139.814765
36.743696667 139.814765
36.743751667 139.814635
36.743751667 139.814635
36.743751667 139.814635
36.743811667 139.814526667
36.743811667 139.814526667
36.743811667 139.814526667
36.743871667 139.81443
36.743871667 139.81443
36.743871667 139.81443
36.743928333 139.81436
36.743928333 139.81436
36.743928333 139.81436
36.743991667 139.814295
36.743991667 139.814295
36.743991667 139.814295
36.74406 139.81424
36.74406 139.81424
36.74406 139.81424
36.744126667 139.814195
36.744126667 139.814195
36.744126667 139.814195
36.744196667 139.814158333
36.744196667 139.814158333
36.744196667 139.814158333
36.744268333 139.814136667
36.744268333 139.814136667
36.744268333 139.814136667
36.744336667 139.814125
36.744336667 139.814125
36.744336667 139.814125
36.744403333 139.81412
36.744403333 139.81412
36.744403333 139.81412
36.74447 139.814111667
36.74447 139.814111667
36.74447 139.814111667
36.744535 139.8141
36.744535 139.8141
36.744535 139.8141
36.744595 139.814076667
36.744595 139.814076667
36.744595 139.814076667
36.74465 139.814045
36.74465 139.814045
36.74465 139.814045
36.744701667 139.814003333
36.744701667 139.814003333
36.744701667 139.814003333
36.744743333 139.813951667
36.744743333 139.813951667
36.744743333 139.813951667
36.744776667 139.813888333
36.744776667 139.813888333
36.744776667 139.813888333
36.744805 139.813823333
36.744805 139.813823333
36.744805 139.813823333
36.744823333 139.813755
36.744823333 139.813755
36.744823333 139.813755
36.744823333 139.813681667
36.744823333 139.813681667
36.744823333 139.813681667
36.744813333 139.81361
36.744813333 139.81361
36.744813333 139.81361
36.74479 139.81354
36.74479 139.81354
36.74479 139.81354
36.744751667 139.813475
36.744751667 139.813475
36.744751667 139.813475
36.744701667 139.813416667
36.744701667 139.813416667
36.744701667 139.813416667
36.744648333 139.813371667
36.744648333 139.813371667
36.744648333 139.813371667
36.74459 139.813343333
36.74459 139.813343333
36.74459 139.813343333
36.744528333 139.81333
36.744528333 139.81333
36.744528333 139.81333
36.744468333 139.813331667
36.744468333 139.813331667
36.744468333 139.813331667
36.744405 139.813346667
36.744405 139.813346667
36.744405 139.813346667
36.744345 139.813375
36.744345 139.813375
36.744345 139.813375
36.744288333 139.813421667
36.744288333 139.813421667
36.744288333 139.813421667
36.74424 139.813475
36.74424 139.813475
36.74424 139.813475
36.7442 139.813538333
36.7442 139.813538333
36.7442 139.813538333
36.744166667 139.813606667
36.744166667 139.813606667
36.744166667 139.813606667
36.744136667 139.813678333
36.744136667 139.813678333
36.744136667 139.813678333
36.74411 139.813751667
36.74411 139.813751667
36.74411 139.813751667
36.744085 139.813825
36.744085 139.813825
36.744085 139.813825
36.74406 139.813911667
36.74406 139.813911667
36.74406 139.813911667
36.74403 139.813988333
36.74403 139.813988333
36.74403 139.813988333
36.743998333 139.814066667
36.743998333 139.814066667
36.743998333 139.814066667
36.74397 139.814145
36.74397 139.814145
36.74397 139.814145
36.743941667 139.81423
36.743941667 139.81423
36.743941667 139.81423
36.743905 139.814321667
36.743905 139.814321667
36.743905 139.814321667
36.743868333 139.814418333
36.743868333 139.814418333
36.743868333 139.814418333
36.743825 139.814518333
36.743825 139.814518333
36.743825 139.814518333
36.743778333 139.814625
36.743778333 139.814625
36.743778333 139.814625
36.743731667 139.81474
36.743731667 139.81474
36.743731667 139.81474
36.743685 139.814861667
36.743685 139.814861667
36.743685 139.814861667
36.743636667 139.814986667
36.743636667 139.814986667
36.743636667 139.814986667
36.743586667 139.815115
36.743586667 139.815115
36.743586667 139.815115
36.743536667 139.81525
36.743536667 139.81525
36.743536667 139.81525
36.743483333 139.815391667
36.743483333 139.815391667
36.743483333 139.815391667
36.743428333 139.815538333
36.743428333 139.815538333
36.743428333 139.815538333
36.743373333 139.815691667
36.743373333 139.815691667
36.743373333 139.815691667
36.743315 139.815851667
36.743315 139.815851667
36.743315 139.815851667
36.743253333 139.816015
36.743253333 139.816015
36.743253333 139.816015
36.743193333 139.81618
36.743193333 139.81618
36.743193333 139.81618
36.74313 139.816348333
36.74313 139.816348333
36.74313 139.816348333
36.743065 139.816518333
36.743065 139.816518333
36.743065 139.816518333
36.743 139.816693333
36.743 139.816693333
36.743 139.816693333
36.742933333 139.816868333
36.742933333 139.816868333
36.742933333 139.816868333
36.742866667 139.817048333
36.742866667 139.817048333
36.742866667 139.817048333
36.742798333 139.81723
36.742798333 139.81723
36.742798333 139.81723
36.74273 139.817411667
36.74273 139.817411667
36.74273 139.817411667
36.742661667 139.817593333
36.742661667 139.817593333
36.742661667 139.817593333
36.742593333 139.817773333
36.742593333 139.817773333
36.742593333 139.817773333
36.742525 139.817955
36.742525 139.817955
36.742525 139.817955
36.742458333 139.818136667
36.742458333 139.818136667
36.742458333 139.818136667
36.742391667 139.818316667
36.742391667 139.818316667
36.742391667 139.818316667
36.742323333 139.818496667
36.742323333 139.818496667
36.742323333 139.818496667
36.742256667 139.818675
36.742256667 139.818675
36.742256667 139.818675
36.74219 139.818855
36.74219 139.818855
36.74219 139.818855
36.742123333 139.819033333
36.742123333 139.819033333
36.742123333 139.819033333
36.742056667 139.819211667
36.742056667 139.819211667
36.742056667 139.819211667
36.741991667 139.81939
36.741991667 139.81939
36.741991667 139.81939
36.741925 139.819568333
36.741925 139.819568333
36.741925 139.819568333
36.741858333 139.819746667
36.741858333 139.819746667
36.741858333 139.819746667
36.741791667 139.819923333
36.741791667 139.819923333
36.741791667 139.819923333
36.741723333 139.820101667
36.741723333 139.820101667
36.741723333 139.820101667
36.741656667 139.820276667
36.741656667 139.820276667
36.741656667 139.820276667
36.741591667 139.820448333
36.741591667 139.820448333
36.741591667 139.820448333
36.741526667 139.820616667
36.741526667 139.820616667
36.741526667 139.820616667
36.741463333 139.82078
36.741463333 139.82078
36.741463333 139.82078
36.741403333 139.820938333
36.741403333 139.820938333
36.741403333 139.820938333
36.741346667 139.821088333
36.741346667 139.821088333
36.741346667 139.821088333
36.74129 139.82123
36.74129 139.82123
36.74129 139.82123
36.741238333 139.821365
36.741238333 139.821365
36.741238333 139.821365
36.74119 139.821491667
36.74119 139.821491667
36.74119 139.821491667
36.741143333 139.82161
36.741143333 139.82161
36.741143333 139.82161
36.741098333 139.82172
36.741098333 139.82172
36.741098333 139.82172
36.741058333 139.821821667
36.741058333 139.821821667
36.741058333 139.821821667
36.74102 139.821913333
36.74102 139.821913333
36.74102 139.821913333
36.740983333 139.822
36.740983333 139.822
36.740983333 139.822
36.74095 139.82208
36.74095 139.82208
36.74095 139.82208
36.74092 139.822156667
36.74092 139.822156667
36.74092 139.822156667
36.740893333 139.822225
36.740893333 139.822225
36.740893333 139.822225
36.740868333 139.822288333
36.740868333 139.822288333
36.740868333 139.822288333
36.740845 139.822346667
36.740845 139.822346667
36.740845 139.822346667
36.740833333 139.822401667
36.740833333 139.822401667
36.740833333 139.822401667
36.740833333 139.822451667
36.740833333 139.822451667
36.740833333 139.822451667
36.740845 139.822495
36.740845 139.822495
36.740845 139.822495
36.740865 139.822526667
36.740865 139.822526667
36.740865 139.822526667
36.740886667 139.82255
36.740886667 139.82255
36.740886667 139.82255
36.740913333 139.822563333
36.740913333 139.822563333
36.740913333 139.822563333
36.740941667 139.822571667
36.740941667 139.822571667
36.740941667 139.822571667
36.740968333 139.822568333
36.740968333 139.822568333
36.740968333 139.822568333
36.740991667 139.82255
36.740991667 139.82255
36.740991667 139.82255
36.74101 139.82252
36.74101 139.82252
36.74101 139.82252
36.741026667 139.822483333
36.741026667 139.822483333
36.741026667 139.822483333
36.741038333 139.822446667
36.741038333 139.822446667
36.741038333 139.822446667
36.74105 139.822408333
36.74105 139.822408333
36.74105 139.822408333
36.741063333 139.822366667
36.741063333 139.822366667
36.741063333 139.822366667
36.741078333 139.822323333
36.741078333 139.822323333
36.741078333 139.822323333
36.741093333 139.822276667
36.741093333 139.822276667
36.741093333 139.822276667
36.741106667 139.822228333
36.741106667 139.822228333
36.741106667 139.822228333
36.741126667 139.822186667
36.741126667 139.822186667
36.741126667 139.822186667
36.74115 139.822151667
36.74115 139.822151667
36.74115 139.822151667
36.74118 139.822123333
36.74118 139.822123333
36.74118 139.822123333
36.741213333 139.822113333
36.741213333 139.822113333
36.741213333 139.822113333
36.741245 139.822115
36.741245 139.822115
36.741245 139.822115
36.74127 139.822128333
36.74127 139.822128333
36.74127 139.822128333
36.741293333 139.822148333
36.741293333 139.822148333
36.741293333 139.822148333
36.741315 139.822171667
36.741315 139.822171667
36.741315 139.822171667
36.741331667 139.822198333
36.741331667 139.822198333
36.741331667 139.822198333
36.741346667 139.822228333
36.741346667 139.822228333
36.741346667 139.822228333
36.741365 139.822261667
36.741365 139.822261667
36.741365 139.822261667
36.741386667 139.822293333
36.741386667 139.822293333
36.741386667 139.822293333
36.741416667 139.822313333
36.741416667 139.822313333
36.741416667 139.822313333
36.74145 139.822318333
36.74145 139.822318333
36.74145 139.822318333
36.741475 139.822303333
36.741475 139.822303333
36.741475 139.822303333
36.741488333 139.822265
36.741488333 139.822265
36.741488333 139.822265
36.741481667 139.822231667
36.741481667 139.822231667
36.741481667 139.822231667
36.74146 139.8222
36.74146 139.8222
36.74146 139.8222
36.741423333 139.82217
36.741423333 139.82217
36.741423333 139.82217
36.74138 139.822146667
36.74138 139.822146667
36.74138 139.822146667
36.741335 139.822125
36.741335 139.822125
36.741335 139.822125
36.741301667 139.822101667
36.741301667 139.822101667
36.741301667 139.822101667
36.741281667 139.822085
36.741281667 139.822085
36.741281667 139.822085
36.741275 139.822075
36.741275 139.822075
36.741275 139.822075
36.741278333 139.822073333
36.741278333 139.822073333
36.741278333 139.822073333
36.741276667 139.822075
36.741276667 139.822075
36.741276667 139.822075
36.74128 139.822073333
36.74128 139.822073333
36.74128 139.822073333
36.741281667 139.822073333
36.741281667 139.822073333
36.741281667 139.822073333
36.741283333 139.822075
36.741283333 139.822075
36.741283333 139.822075
36.741285 139.822073333
36.741285 139.822073333
36.741285 139.822073333
36.741285 139.822073333
36.741285 139.822073333
36.741285 139.822073333
36.741285 139.822073333
36.741285 139.822073333
36.741285 139.822073333
36.741286667 139.822073333
36.741286667 139.822073333
36.741286667 139.822073333
36.741286667 139.822071667
36.741286667 139.822071667
36.741286667 139.822071667
36.741286667 139.822071667
